41319; 580.31; 573.19; 580.12
41331; 573.94; 577.69; 578.25
41339; 588.00; 578.81; 578.25
41348; 580.69; 576.19; 579.19
41360; 582.94; 584.62; 578.06
41370; 582.56; 576.38; 584.44
41379; 582.38; 579.38; 576.19
41388; 586.31; 584.62; 578.25
41397; 580.50; 580.50; 580.88
41412; 580.88; 577.88; 579.56
41428; 574.69; 577.50; 582.75
41436; 576.56; 575.62; 584.44
41445; 581.62; 581.25; 576.75
41454; 584.44; 584.81; 578.25
41463; 582.94; 578.81; 579.00
41472; 581.62; 578.44; 578.62
41481; 587.25; 576.38; 578.81
41490; 581.81; 577.31; 578.44
41499; 581.44; 578.62; 578.81
41508; 581.06; 579.00; 578.44
41518; 579.38; 581.44; 578.81
41526; 586.88; 577.12; 582.38
41535; 580.31; 582.94; 578.44
41544; 586.12; 578.44; 578.44
41554; 581.06; 582.56; 578.81
41562; 587.81; 578.44; 576.19
41571; 579.56; 582.94; 580.31
41580; 582.56; 579.00; 578.44
41589; 580.31; 577.88; 578.06
41599; 580.50; 577.12; 578.44
41610; 582.00; 579.56; 578.06
41619; 579.00; 580.31; 576.19
41627; 575.44; 579.00; 584.44
41636; 582.38; 584.62; 582.56
41645; 580.12; 584.06; 576.19
41654; 580.31; 578.81; 578.81
41663; 578.62; 578.25; 578.25
41672; 581.81; 578.62; 578.81
41681; 580.12; 577.88; 576.38
41690; 578.81; 578.81; 578.44
41699; 582.94; 577.69; 578.06
41708; 578.81; 577.31; 578.06
41718; 580.69; 582.56; 588.00
41726; 578.25; 574.50; 585.38
41735; 581.62; 578.44; 580.50
41744; 578.62; 578.44; 584.06
41753; 581.06; 578.44; 582.38
41762; 580.88; 578.81; 578.44
41771; 578.44; 580.50; 578.62
41780; 580.31; 577.88; 576.00
41789; 580.31; 576.00; 578.25
41798; 585.94; 577.69; 576.00
41807; 579.94; 576.00; 577.69
41817; 582.38; 584.44; 584.44
41827; 585.19; 577.50; 578.25
41835; 578.81; 579.00; 576.56
41844; 580.50; 578.62; 579.19
41853; 585.56; 578.25; 578.06
41862; 578.62; 578.62; 578.62
41871; 580.50; 576.56; 580.50
41880; 579.94; 577.50; 578.62
41889; 582.00; 577.50; 580.69
41898; 580.12; 578.62; 576.38
41907; 585.75; 576.56; 576.00
41916; 580.50; 580.50; 584.44
41926; 577.31; 581.62; 578.44
41934; 587.44; 578.06; 579.00
41943; 579.19; 580.50; 578.25
41952; 579.00; 578.62; 578.81
41961; 580.50; 577.69; 576.19
41970; 578.81; 584.44; 576.56
41979; 581.62; 578.81; 578.81
41988; 580.12; 583.69; 584.44
41997; 579.38; 578.25; 576.00
42008; 584.25; 577.88; 577.31
42017; 580.50; 577.12; 579.19
42026; 582.75; 578.62; 580.50
42034; 582.00; 581.06; 579.19
42043; 584.44; 583.31; 578.62
42052; 579.00; 587.06; 584.44
42062; 579.19; 578.81; 576.19
42070; 585.19; 578.25; 582.38
42079; 579.00; 584.62; 584.44
42088; 580.88; 575.81; 577.69
42097; 578.25; 577.88; 582.38
42106; 579.75; 577.12; 578.81
42115; 578.62; 578.44; 578.81
42125; 581.44; 578.06; 578.62
42134; 581.06; 578.81; 584.44
42142; 582.94; 576.94; 578.25
42152; 583.50; 580.12; 578.44
42160; 579.94; 578.25; 576.56
42169; 578.62; 585.94; 578.81
42178; 581.25; 576.94; 578.06
42187; 581.62; 580.31; 577.88
42196; 580.88; 584.44; 576.00
42205; 580.88; 577.31; 576.00
42215; 580.31; 576.19; 576.38
42224; 580.88; 582.56; 576.56
42234; 578.25; 582.19; 575.81
42242; 585.75; 578.44; 578.25
42251; 580.50; 578.44; 577.88
42260; 582.00; 579.00; 578.25
42269; 580.12; 578.44; 578.25
42278; 580.88; 578.25; 578.44
42287; 579.00; 578.25; 578.44
42296; 579.94; 576.56; 582.19
42305; 581.44; 580.12; 578.62
42314; 578.44; 575.81; 578.81
42323; 582.19; 581.62; 579.00
42333; 580.31; 578.81; 585.75
42341; 579.94; 574.88; 584.25
42350; 582.38; 577.69; 578.25
42359; 580.12; 578.25; 578.62
42368; 579.75; 578.25; 578.25
42377; 581.81; 575.62; 584.62
42386; 585.94; 583.50; 578.06
42395; 580.69; 578.44; 584.62
42408; 580.12; 577.12; 582.38
42427; 573.38; 573.38; 581.44
42436; 579.00; 578.44; 578.62
42444; 579.38; 589.31; 578.44
42453; 582.94; 584.62; 576.56
42462; 581.81; 577.12; 578.81
42471; 580.12; 579.38; 579.19
42480; 581.81; 584.62; 578.81
42489; 579.94; 578.62; 578.62
42498; 582.00; 578.62; 576.00
42507; 580.31; 578.62; 584.62
42519; 586.50; 578.81; 577.50
42528; 579.94; 580.31; 578.44
42537; 579.94; 577.31; 588.38
42545; 579.00; 576.19; 577.69
42555; 583.88; 578.25; 578.06
42564; 588.38; 578.62; 577.88
42572; 580.31; 578.44; 580.12
42582; 583.31; 580.69; 582.75
42591; 583.50; 578.44; 576.56
42600; 582.00; 579.19; 578.44
42609; 581.44; 582.19; 578.81
42618; 582.00; 577.31; 578.44
42627; 580.69; 578.44; 576.56
42637; 579.94; 576.75; 578.81
42646; 580.31; 578.81; 578.62
42654; 580.88; 578.25; 578.44
42663; 580.12; 586.12; 578.25
42672; 580.12; 579.00; 582.56
42681; 581.62; 578.81; 578.62
42690; 583.88; 578.81; 578.25
42699; 580.50; 576.75; 579.00
42708; 586.12; 578.25; 580.69
42717; 579.75; 579.56; 576.38
42726; 586.50; 582.75; 576.38
42735; 581.44; 577.88; 584.25
42745; 580.88; 590.06; 579.19
42753; 576.75; 580.31; 576.38
42762; 582.00; 579.19; 576.56
42771; 578.81; 582.75; 578.62
42780; 582.00; 577.88; 578.06
42789; 581.25; 575.81; 578.62
42799; 579.19; 578.81; 578.81
42807; 578.44; 576.00; 578.25
42818; 582.38; 578.06; 578.44
42827; 580.69; 584.06; 578.81
42835; 583.31; 575.62; 576.19
42845; 580.31; 580.88; 584.81
42853; 580.12; 576.00; 576.19
42862; 586.31; 578.81; 578.06
42871; 582.00; 584.25; 584.25
42880; 579.94; 578.62; 578.62
42889; 581.62; 577.88; 578.44
42898; 581.62; 576.75; 578.25
42907; 582.00; 577.69; 576.19
42916; 585.94; 576.19; 576.19
42925; 582.38; 580.88; 578.06
42934; 584.81; 578.81; 580.69
42944; 582.00; 576.56; 578.25
42953; 581.25; 578.44; 576.00
42961; 578.25; 584.44; 575.81
42975; 579.75; 577.69; 576.00
42985; 582.38; 578.62; 576.19
42994; 582.75; 578.06; 580.50
43004; 588.19; 588.56; 576.00
43013; 588.56; 575.25; 579.94
43023; 583.50; 581.81; 585.56
43032; 578.62; 581.06; 581.81
43040; 579.00; 582.56; 581.44
43051; 582.19; 578.25; 583.31
43060; 581.62; 576.56; 577.31
43068; 582.56; 581.81; 578.81
43077; 584.81; 590.25; 573.94
43086; 582.94; 578.06; 579.38
43096; 578.44; 577.12; 577.88
43104; 580.88; 581.81; 585.19
43113; 579.19; 577.31; 578.06
43122; 577.31; 582.56; 579.75
43131; 583.50; 583.12; 578.44
43140; 579.19; 585.00; 579.94
43150; 583.69; 578.81; 579.00
43166; 575.81; 579.75; 579.56
43174; 579.38; 580.12; 584.25
43183; 582.56; 578.62; 576.56
43192; 580.31; 583.69; 578.62
43201; 579.94; 579.19; 578.44
43210; 587.44; 578.81; 578.44
43220; 580.50; 579.00; 578.62
43228; 579.19; 578.44; 576.94
43237; 582.38; 579.56; 578.81
43246; 584.62; 579.00; 582.00
43256; 579.94; 578.44; 579.38
43265; 581.62; 582.56; 576.00
43274; 579.94; 586.31; 578.44
43283; 580.69; 579.00; 577.88
43292; 580.88; 578.25; 582.56
43301; 586.31; 584.62; 578.44
43310; 579.94; 579.94; 584.44
43319; 582.19; 576.94; 578.06
43328; 585.00; 582.19; 578.44
43337; 579.94; 576.56; 578.81
43346; 586.50; 576.94; 576.38
43356; 580.12; 579.19; 584.62
43365; 580.50; 577.31; 578.06
43374; 580.50; 576.94; 578.81
43383; 582.19; 584.06; 578.44
43392; 579.38; 577.69; 581.06
43401; 580.12; 576.19; 578.81
43422; 578.81; 578.62; 579.00
43431; 576.56; 575.25; 576.94
43440; 580.88; 579.38; 578.62
43449; 585.38; 577.69; 578.81
43458; 584.62; 578.25; 591.75
43466; 581.62; 577.12; 579.94
43475; 581.44; 584.81; 576.00
43484; 581.62; 577.31; 579.00
43493; 581.25; 577.69; 578.25
43502; 580.12; 580.69; 578.06
43511; 582.94; 581.06; 578.25
43520; 581.44; 578.81; 578.81
43529; 580.12; 578.81; 584.81
43538; 580.12; 579.00; 578.25
43547; 581.25; 578.44; 578.06
43557; 581.44; 584.81; 577.88
43566; 584.81; 576.75; 576.38
43574; 584.44; 578.25; 578.81
43584; 576.94; 579.75; 580.31
43592; 582.38; 578.62; 576.75
43601; 580.69; 578.44; 578.44
43610; 587.44; 578.25; 578.25
43620; 583.50; 578.06; 579.00
43629; 576.56; 578.06; 578.25
43638; 586.50; 584.62; 578.06
43647; 579.00; 578.06; 578.44
43656; 582.00; 578.25; 578.06
43666; 581.81; 583.88; 582.00
43674; 580.31; 581.81; 584.25
43683; 578.44; 578.44; 578.25
43692; 582.38; 576.75; 575.81
43701; 579.19; 578.25; 577.88
43710; 579.75; 576.75; 576.38
43719; 579.75; 576.56; 578.44
43728; 578.81; 579.56; 578.62
43737; 588.00; 578.81; 578.06
43746; 581.62; 584.25; 584.44
43755; 580.12; 583.50; 578.44
43766; 577.50; 579.56; 585.19
43774; 579.56; 576.56; 579.75
43783; 581.44; 578.44; 582.56
43792; 580.12; 578.62; 576.56
43801; 581.44; 578.44; 578.81
43810; 581.81; 578.81; 578.06
43821; 579.94; 578.62; 578.06
43829; 580.31; 578.62; 584.44
43838; 579.75; 578.62; 579.19
43847; 579.75; 578.06; 578.62
43856; 580.31; 576.94; 581.81
43866; 582.38; 583.50; 578.62
43875; 582.75; 576.75; 578.81
43883; 580.31; 578.44; 576.00
43892; 581.81; 575.81; 577.88
43901; 580.50; 576.00; 582.00
43910; 579.19; 576.94; 578.44
43919; 583.12; 578.06; 578.44
43928; 584.81; 578.44; 578.06
43937; 581.81; 577.12; 578.44
43946; 580.69; 580.50; 576.19
43955; 578.25; 584.25; 577.50
43964; 586.50; 577.12; 578.62
43974; 575.81; 582.94; 582.56
43982; 585.19; 578.44; 576.00
43991; 578.81; 576.75; 579.00
44001; 583.31; 576.38; 576.38
44010; 578.81; 576.56; 580.50
44021; 582.00; 577.69; 577.69
44029; 581.06; 584.44; 578.62
44038; 578.62; 578.25; 578.44
44047; 579.19; 578.06; 578.81
44057; 588.00; 577.12; 583.88
44065; 582.19; 577.69; 578.44
44075; 580.31; 577.12; 585.94
44083; 580.31; 584.81; 584.44
44092; 577.88; 578.25; 578.06
44101; 582.00; 577.88; 578.81
44110; 581.62; 584.44; 577.12
44119; 584.62; 578.81; 578.44
44128; 586.31; 577.12; 579.00
44137; 580.50; 578.25; 576.38
44147; 579.19; 578.06; 578.62
44155; 579.75; 577.69; 578.81
44164; 580.69; 577.12; 576.19
44174; 582.19; 578.81; 576.94
44183; 581.06; 578.25; 582.56
44191; 578.62; 578.62; 579.56
44200; 585.00; 578.25; 580.12
44209; 580.69; 584.25; 577.69
44219; 580.50; 576.75; 579.19
44228; 580.12; 578.62; 578.06
44237; 580.50; 576.75; 578.44
44246; 579.38; 577.69; 585.75
44255; 580.69; 582.00; 577.88
44264; 582.38; 578.25; 584.62
44273; 580.31; 578.44; 578.06
44283; 579.94; 582.94; 577.88
44291; 587.25; 578.06; 578.06
44300; 580.69; 578.81; 576.38
44309; 579.94; 584.62; 580.50
44318; 580.50; 584.06; 578.44
44327; 579.19; 575.81; 578.44
44336; 582.19; 577.31; 578.25
44345; 579.19; 580.12; 578.06
44354; 580.69; 577.69; 578.62
44363; 578.25; 576.75; 578.25
44372; 582.94; 578.81; 576.75
44382; 580.12; 576.56; 584.06
44390; 579.75; 589.50; 578.44
44399; 578.62; 580.12; 578.62
44421; 578.62; 581.81; 575.81
44429; 576.38; 576.19; 576.94
44438; 582.00; 587.62; 578.25
44447; 578.62; 584.44; 576.19
44456; 582.56; 578.44; 578.06
44465; 579.75; 578.44; 576.75
44474; 585.75; 579.19; 576.38
44484; 586.69; 580.50; 578.62
44492; 580.12; 580.31; 578.06
44501; 585.56; 578.81; 578.25
44510; 580.50; 577.69; 585.00
44519; 581.25; 584.81; 582.38
44528; 578.62; 576.75; 577.69
44537; 582.56; 578.06; 576.19
44546; 579.00; 576.75; 584.62
44556; 582.38; 581.62; 578.25
44564; 578.25; 576.19; 579.19
44573; 580.69; 579.94; 577.88
44583; 582.19; 576.94; 579.19
44592; 580.88; 584.25; 581.81
44600; 578.44; 578.44; 584.44
44609; 582.56; 578.44; 577.88
44619; 585.56; 578.06; 578.44
44627; 579.75; 582.38; 579.00
44636; 580.12; 578.62; 584.25
44645; 581.44; 578.06; 577.69
44654; 582.94; 584.44; 578.44
44663; 580.31; 577.69; 578.25
44672; 580.31; 584.06; 578.81
44681; 581.81; 576.56; 582.00
44691; 576.56; 584.62; 578.25
44699; 586.12; 582.94; 578.62
44708; 586.50; 578.44; 578.44
44717; 586.69; 576.00; 578.44
44726; 579.75; 576.00; 578.06
44735; 587.81; 584.81; 577.88
44744; 581.06; 580.50; 576.56
44753; 577.69; 584.81; 578.62
44763; 582.19; 578.44; 578.25
44771; 578.44; 578.06; 578.44
44780; 581.25; 577.12; 578.62
44790; 580.69; 584.44; 585.19
44798; 580.31; 577.50; 578.44
44807; 581.44; 578.81; 584.06
44818; 579.19; 584.81; 575.62
44826; 579.75; 578.81; 582.38
44835; 581.25; 577.12; 581.06
44844; 581.44; 578.62; 576.38
44853; 582.56; 576.94; 578.81
44862; 580.12; 577.69; 578.62
44871; 579.75; 579.00; 578.81
44881; 580.88; 577.31; 578.62
44890; 581.62; 584.44; 578.81
44899; 578.62; 578.62; 577.88
44908; 578.44; 579.19; 584.25
44917; 580.50; 576.94; 576.38
44926; 582.56; 581.06; 578.06
44935; 581.81; 577.50; 585.19
44944; 585.00; 584.44; 576.19
44953; 582.56; 585.00; 578.06
44962; 580.50; 579.19; 578.06
44971; 582.75; 576.19; 578.06
44980; 585.75; 578.81; 577.88
44989; 588.19; 577.88; 578.44
44998; 577.69; 579.19; 578.25
45007; 590.06; 576.75; 575.81
45017; 574.88; 580.50; 578.44
45026; 578.81; 576.38; 577.88
45035; 582.00; 584.25; 576.19
45044; 588.19; 576.94; 584.44
45054; 582.00; 578.06; 578.62
45062; 580.31; 575.62; 579.00
45071; 586.50; 580.50; 579.00
45080; 579.94; 583.50; 582.38
45089; 580.50; 578.62; 578.06
45099; 579.75; 576.19; 585.75
45107; 581.25; 589.12; 579.19
45116; 578.44; 576.75; 578.62
45125; 581.81; 584.25; 576.19
45134; 585.00; 577.69; 578.62
45143; 580.88; 576.19; 578.44
45153; 580.12; 577.12; 578.25
45161; 579.94; 577.31; 578.44
45170; 580.31; 578.44; 580.50
45179; 579.94; 576.94; 584.62
45188; 581.62; 578.81; 577.88
45198; 579.75; 576.94; 575.62
45207; 579.75; 579.19; 580.69
45217; 580.69; 577.12; 584.44
45226; 580.50; 576.00; 577.88
45235; 580.50; 584.25; 578.25
45244; 580.50; 577.31; 584.25
45253; 580.31; 578.06; 578.44
45263; 581.62; 584.25; 578.44
45271; 585.19; 584.06; 581.81
45280; 578.25; 583.69; 577.88
45289; 582.19; 577.69; 576.38
45299; 578.62; 580.31; 575.62
45308; 586.31; 577.88; 576.00
45316; 582.38; 585.94; 584.44
45325; 585.00; 576.56; 578.81
45334; 583.50; 578.06; 578.62
45343; 580.31; 579.00; 578.06
45352; 581.81; 581.62; 576.19
45361; 582.19; 576.94; 578.25
45370; 582.94; 578.62; 582.00
45379; 579.00; 578.62; 576.56
45388; 580.50; 577.31; 576.38
45397; 579.00; 578.44; 577.88
45410; 579.19; 578.06; 577.69
45431; 572.25; 575.62; 576.00
45439; 575.62; 575.62; 580.12
45448; 581.62; 578.62; 578.62
45457; 579.00; 584.44; 582.56
45466; 578.81; 576.00; 582.19
45475; 581.62; 578.25; 576.00
45484; 582.19; 580.31; 584.44
45493; 580.50; 577.50; 578.44
45502; 583.50; 580.88; 578.44
45512; 582.56; 583.12; 576.38
45520; 591.75; 578.62; 578.44
45529; 580.50; 579.19; 578.81
45538; 585.00; 576.56; 578.62
45547; 580.12; 576.38; 576.19
45557; 581.62; 583.31; 577.88
45565; 580.69; 578.25; 576.00
45574; 578.81; 579.00; 578.44
45584; 581.62; 585.00; 578.62
45592; 585.75; 575.25; 583.31
45601; 580.69; 578.44; 579.19
45611; 580.31; 579.19; 578.44
45620; 584.44; 581.62; 578.62
45628; 580.12; 584.62; 578.81
45637; 581.81; 577.50; 579.00
45646; 580.12; 580.12; 578.62
45655; 582.56; 575.44; 584.81
45664; 581.62; 579.00; 578.44
45673; 581.81; 578.62; 576.38
45682; 580.88; 576.38; 576.00
45691; 582.00; 578.25; 579.00
45700; 579.56; 578.81; 578.44
45710; 582.75; 584.62; 578.62
45719; 580.88; 580.31; 585.19
45727; 584.44; 584.44; 578.81
45736; 582.94; 579.38; 579.00
45745; 581.62; 578.06; 582.56
45754; 578.44; 579.00; 582.38
45764; 585.75; 581.81; 578.62
45773; 575.06; 576.94; 578.06
45782; 582.75; 576.19; 579.19
45791; 586.31; 578.44; 576.56
45800; 580.31; 584.44; 578.06
45809; 581.25; 579.19; 575.81
45820; 582.94; 579.75; 582.19
45828; 582.94; 577.12; 580.88
45837; 581.44; 578.81; 578.81
45846; 582.19; 584.44; 578.81
45855; 578.81; 584.62; 578.25
45864; 583.69; 578.81; 578.44
45873; 579.94; 579.00; 578.06
45882; 584.81; 578.25; 581.06
45891; 580.69; 576.94; 576.19
45900; 581.06; 576.19; 578.44
45909; 578.81; 580.31; 584.62
45919; 582.19; 589.69; 577.69
45927; 578.06; 581.25; 577.69
45936; 580.31; 578.81; 578.81
45945; 578.62; 578.25; 576.19
45954; 579.75; 579.00; 585.00
45963; 588.00; 578.25; 577.88
45972; 585.56; 579.19; 578.06
45981; 580.31; 576.75; 578.62
45990; 578.25; 579.19; 578.06
45999; 588.19; 577.69; 576.19
46010; 580.31; 580.50; 578.06
46021; 578.62; 579.75; 588.94
46029; 576.94; 575.81; 576.19
46038; 580.50; 580.50; 578.25
46047; 581.62; 578.81; 578.62
46057; 579.19; 578.44; 578.25
46065; 580.50; 575.62; 576.38
46074; 580.69; 578.81; 575.81
46083; 578.44; 584.06; 582.56
46092; 582.19; 578.62; 580.50
46101; 585.00; 578.25; 578.25
46110; 586.12; 578.44; 576.00
46120; 581.44; 577.12; 577.12
46128; 580.88; 578.62; 581.44
46138; 584.81; 578.25; 584.81
46147; 580.88; 578.06; 576.38
46155; 581.62; 584.44; 578.62
46164; 584.81; 577.88; 578.25
46173; 583.12; 579.38; 578.81
46182; 578.62; 578.81; 576.00
46191; 580.50; 583.12; 584.06
46200; 581.06; 578.44; 585.94
46210; 580.88; 577.88; 575.44
46219; 581.06; 582.56; 578.44
46228; 579.75; 581.44; 578.62
46236; 591.56; 578.81; 578.25
46245; 581.25; 578.44; 584.62
46254; 581.81; 578.81; 583.69
46263; 582.75; 577.12; 578.81
46272; 579.75; 580.88; 579.00
46281; 582.19; 579.00; 576.19
46290; 579.00; 581.06; 576.56
46299; 580.88; 579.00; 578.25
46308; 581.25; 579.19; 576.56
46317; 580.12; 576.75; 577.69
46327; 581.62; 577.69; 578.62
46335; 581.44; 578.44; 575.81
46344; 581.25; 577.50; 584.62
46353; 579.75; 579.19; 578.81
46362; 582.38; 578.06; 578.81
46371; 581.44; 580.88; 578.81
46380; 589.12; 577.12; 579.56
46389; 586.31; 579.19; 578.62
46398; 581.44; 576.00; 578.81
46411; 579.75; 576.19; 580.50
46420; 579.94; 577.50; 579.00
46430; 576.00; 579.38; 585.75
46438; 582.19; 583.88; 578.25
46453; 578.81; 580.12; 576.19
46462; 576.75; 576.38; 574.31
46470; 581.62; 580.50; 578.62
46479; 582.00; 577.31; 584.62
46488; 584.44; 577.31; 576.75
46497; 581.81; 576.38; 578.44
46506; 586.88; 578.81; 576.19
46515; 585.00; 576.94; 578.62
46524; 582.38; 576.75; 584.06
46534; 576.00; 581.25; 578.81
46542; 582.38; 584.62; 576.00
46551; 580.50; 577.12; 578.62
46561; 581.81; 578.25; 578.44
46569; 577.88; 580.50; 575.81
46578; 587.06; 577.12; 578.62
46587; 578.81; 576.75; 584.44
46596; 580.88; 576.56; 585.00
46605; 578.62; 578.25; 578.06
46614; 581.81; 576.75; 578.25
46625; 582.75; 581.62; 579.00
46634; 576.75; 579.94; 581.25
46643; 580.31; 580.12; 585.75
46651; 587.81; 579.00; 585.00
46660; 578.62; 576.75; 576.56
46669; 581.06; 577.88; 578.62
46678; 583.50; 576.00; 578.25
46687; 580.31; 578.62; 578.06
46696; 582.56; 578.25; 578.06
46705; 579.94; 578.06; 578.25
46717; 580.50; 585.94; 577.50
46725; 579.00; 578.25; 584.25
46738; 588.19; 573.19; 577.88
46747; 579.75; 579.00; 577.69
46756; 573.38; 584.62; 580.12
46766; 585.56; 576.38; 586.88
46775; 578.81; 580.12; 580.12
46784; 580.88; 586.31; 582.19
46793; 577.88; 582.00; 578.62
46802; 579.19; 578.81; 582.19
46811; 579.56; 576.56; 578.25
46820; 579.38; 580.69; 578.62
46829; 590.25; 578.81; 578.06
46839; 580.88; 579.38; 586.31
46848; 580.31; 581.06; 576.75
46857; 582.94; 576.94; 578.81
46866; 576.19; 583.31; 579.75
46875; 580.69; 585.75; 576.56
46884; 580.12; 581.81; 581.25
46893; 589.50; 586.12; 577.50
46902; 583.50; 579.94; 576.94
46911; 578.25; 577.88; 576.19
46926; 573.19; 576.38; 576.94
46934; 578.44; 581.06; 578.25
46944; 578.44; 579.00; 576.19
46952; 582.94; 580.12; 576.38
46961; 579.94; 578.06; 578.44
46971; 583.31; 576.56; 584.44
46979; 580.12; 579.94; 576.38
46988; 579.00; 578.81; 578.25
46997; 585.00; 577.69; 580.88
47007; 581.06; 578.44; 576.56
47017; 580.12; 579.38; 578.62
47025; 580.69; 578.44; 576.38
47034; 579.94; 578.81; 579.00
47044; 578.81; 577.31; 578.62
47052; 581.81; 589.12; 580.88
47062; 579.56; 578.44; 584.62
47070; 579.94; 580.50; 578.44
47079; 578.81; 578.06; 576.19
47088; 584.06; 576.19; 578.81
47097; 580.31; 582.19; 576.38
47106; 582.19; 578.44; 584.81
47115; 582.19; 577.31; 578.44
47124; 579.00; 578.81; 584.25
47134; 582.19; 579.00; 579.00
47143; 579.00; 577.12; 575.06
47152; 579.94; 580.12; 585.75
47160; 588.38; 577.69; 580.50
47169; 582.19; 584.44; 584.44
47178; 581.44; 576.00; 578.06
47187; 583.12; 576.94; 584.62
47196; 580.31; 579.94; 577.88
47205; 580.69; 576.38; 579.56
47216; 578.81; 580.88; 578.06
47224; 581.81; 580.12; 576.38
47233; 578.62; 584.25; 578.25
47242; 579.94; 580.69; 578.62
47252; 581.06; 581.81; 578.44
47261; 587.62; 578.25; 577.88
47269; 581.06; 576.75; 576.75
47278; 585.75; 584.44; 580.69
47287; 584.62; 582.75; 584.44
47296; 583.12; 578.62; 579.00
47305; 586.12; 577.12; 578.81
47314; 578.44; 578.81; 578.25
47323; 586.31; 575.62; 578.06
47332; 583.88; 581.81; 576.38
47341; 583.12; 577.12; 578.44
47351; 580.69; 577.31; 583.50
47359; 578.62; 578.81; 575.81
47368; 581.62; 584.44; 578.06
47377; 579.75; 576.94; 576.19
47386; 581.06; 578.44; 578.62
47395; 582.56; 578.44; 578.06
47408; 578.81; 575.44; 578.44
47417; 579.19; 577.12; 577.88
47431; 581.44; 582.94; 578.81
47439; 579.75; 574.69; 578.25
47449; 581.81; 581.06; 578.81
47458; 593.62; 577.69; 578.25
47466; 580.88; 577.88; 578.81
47475; 580.12; 577.12; 576.38
47484; 581.25; 577.88; 578.06
47493; 580.12; 578.44; 579.00
47502; 579.75; 577.50; 578.25
47511; 582.38; 578.44; 579.00
47520; 578.62; 576.94; 578.25
47529; 588.56; 578.25; 582.56
47538; 581.25; 581.06; 578.06
47547; 579.94; 578.25; 578.06
47557; 579.56; 585.00; 578.25
47565; 575.62; 580.12; 579.00
47574; 582.38; 578.25; 576.38
47583; 585.94; 577.69; 577.88
47592; 588.38; 577.88; 576.56
47601; 579.19; 576.38; 578.06
47610; 581.81; 576.94; 578.25
47620; 582.75; 584.44; 577.31
47629; 580.12; 576.38; 578.06
47638; 579.94; 578.06; 580.69
47647; 581.25; 578.62; 578.81
47657; 582.00; 578.62; 587.06
47666; 579.56; 576.00; 584.25
47674; 581.62; 578.06; 579.19
47683; 580.69; 577.50; 578.25
47692; 581.62; 578.81; 584.44
47701; 582.19; 578.81; 578.62
47710; 580.12; 579.19; 584.62
47719; 582.75; 577.69; 578.62
47728; 580.31; 578.44; 585.00
47737; 581.44; 576.56; 582.94
47746; 581.25; 578.25; 578.44
47755; 581.62; 579.19; 578.25
47766; 587.81; 579.00; 578.62
47774; 582.94; 577.12; 578.25
47783; 580.12; 576.56; 578.44
47792; 580.50; 577.69; 577.88
47801; 580.69; 576.75; 578.62
47810; 580.12; 577.50; 576.00
47819; 580.69; 577.88; 575.81
47829; 578.62; 578.44; 581.81
47837; 581.06; 578.25; 578.25
47846; 581.06; 578.62; 584.62
47855; 579.94; 578.06; 578.25
47865; 579.94; 588.19; 584.81
47873; 580.12; 578.44; 579.00
47882; 580.31; 578.25; 578.62
47891; 582.00; 579.00; 578.44
47900; 579.00; 578.25; 576.56
47909; 579.00; 578.44; 584.81
47918; 579.94; 578.62; 578.81
47927; 588.38; 578.25; 578.62
47936; 581.25; 579.38; 579.19
47945; 582.00; 579.00; 580.31
47954; 580.69; 578.62; 578.44
47964; 582.00; 578.81; 588.19
47973; 581.06; 574.50; 582.19
47981; 579.75; 579.00; 580.50
47990; 585.56; 580.12; 578.06
47999; 579.38; 578.81; 578.25
48009; 578.06; 584.25; 577.31
48019; 578.62; 577.50; 580.88
48027; 579.94; 577.12; 576.19
48036; 579.38; 580.50; 583.69
48045; 580.69; 585.38; 578.25
48055; 579.75; 578.25; 584.62
48064; 582.94; 577.12; 578.62
48073; 585.75; 578.81; 578.81
48081; 588.19; 580.50; 578.81
48090; 579.56; 576.38; 584.06
48099; 582.38; 578.25; 584.62
48108; 581.25; 580.50; 579.00
48117; 587.81; 579.19; 576.56
48126; 585.56; 578.25; 578.06
48136; 581.62; 577.88; 584.81
48146; 578.62; 585.38; 584.06
48154; 580.31; 584.62; 578.44
48163; 579.94; 577.12; 584.25
48173; 581.06; 577.88; 578.81
48181; 587.62; 576.75; 579.38
48190; 578.81; 578.81; 578.81
48199; 579.75; 577.31; 576.38
48208; 581.62; 576.00; 578.44
48219; 583.12; 578.44; 578.25
48227; 579.38; 579.19; 578.25
48236; 582.75; 584.81; 576.56
48245; 587.62; 578.62; 584.62
48254; 580.12; 584.81; 578.81
48263; 579.94; 578.25; 578.06
48273; 582.19; 576.75; 580.12
48281; 582.56; 584.06; 578.06
48290; 579.00; 581.25; 579.19
48299; 581.81; 578.81; 583.31
48308; 582.56; 584.44; 580.69
48317; 581.25; 577.31; 579.00
48326; 579.94; 579.56; 579.00
48335; 587.44; 579.38; 578.81
48344; 579.94; 583.31; 576.00
48353; 581.62; 579.00; 576.56
48362; 580.88; 577.50; 579.38
48372; 582.38; 576.94; 582.94
48381; 581.81; 583.69; 586.69
48389; 580.88; 576.94; 576.19
48398; 580.12; 580.12; 584.81
48425; 581.25; 577.69; 577.69
48434; 571.50; 577.50; 562.88
48442; 581.44; 583.50; 576.38
48451; 578.81; 576.19; 578.62
48460; 578.81; 582.75; 584.44
48469; 583.12; 576.19; 580.50
48479; 578.25; 585.94; 580.50
48487; 576.19; 576.38; 584.25
48496; 582.00; 577.12; 578.44
48505; 580.31; 578.25; 578.62
48514; 579.19; 579.38; 584.06
48523; 581.44; 580.69; 577.88
48532; 580.31; 579.00; 584.62
48541; 578.81; 582.75; 577.88
48550; 580.69; 577.69; 578.25
48560; 580.50; 577.31; 576.19
48568; 580.50; 579.94; 578.81
48578; 579.56; 584.44; 582.00
48586; 584.62; 577.12; 582.75
48595; 578.81; 578.06; 579.00
48604; 580.88; 579.00; 578.06
48613; 579.94; 577.88; 576.00
48622; 578.44; 580.50; 584.81
48632; 582.19; 576.75; 578.44
48640; 582.00; 577.88; 576.56
48649; 581.44; 578.25; 578.25
48658; 583.31; 584.44; 578.06
48667; 578.81; 578.44; 580.88
48676; 579.75; 578.81; 576.38
48686; 580.88; 579.94; 577.88
48694; 588.19; 577.88; 578.44
48703; 581.62; 578.62; 578.44
48712; 579.75; 584.44; 584.06
48721; 580.31; 576.56; 576.38
48730; 581.81; 578.25; 578.25
48739; 580.69; 582.94; 576.19
48748; 581.62; 578.62; 584.81
48757; 583.12; 576.56; 584.81
48768; 584.44; 577.69; 578.06
48776; 578.62; 577.12; 579.56
48786; 578.44; 580.12; 585.94
48795; 578.44; 590.25; 578.06
48804; 578.25; 579.94; 577.88
48813; 581.25; 576.94; 576.75
48822; 580.12; 578.25; 577.88
48831; 579.00; 578.25; 576.00
48840; 578.81; 578.44; 580.88
48850; 582.00; 578.25; 578.81
48858; 578.44; 578.06; 582.00
48867; 580.50; 578.62; 584.06
48876; 578.81; 579.75; 576.00
48886; 581.81; 578.25; 583.88
48894; 578.62; 574.69; 579.75
48903; 580.69; 578.44; 578.44
48912; 588.38; 578.44; 578.25
48921; 580.31; 576.94; 578.62
48930; 585.75; 578.62; 578.06
48939; 583.88; 578.44; 576.38
48948; 583.69; 578.81; 578.62
48957; 583.12; 577.69; 578.44
48966; 583.12; 578.44; 578.25
48975; 578.81; 584.44; 578.06
48984; 579.94; 578.25; 575.81
48994; 586.50; 576.56; 576.00
49005; 582.94; 578.81; 578.06
49014; 577.31; 579.00; 581.25
49024; 579.94; 578.81; 578.25
49033; 582.38; 576.75; 576.19
49042; 581.06; 579.94; 580.12
49051; 583.88; 578.06; 578.44
49060; 580.69; 579.00; 584.44
49069; 587.44; 576.38; 580.50
49078; 579.00; 579.56; 579.94
49087; 580.12; 584.44; 578.25
49096; 582.00; 581.25; 579.94
49104; 588.94; 584.25; 582.19
49113; 578.62; 578.25; 579.00
49122; 579.94; 576.75; 576.38
49131; 581.06; 578.44; 578.06
49140; 579.00; 578.25; 576.19
49150; 582.94; 576.94; 579.19
49159; 578.62; 579.19; 576.38
49167; 581.81; 578.62; 578.44
49176; 584.62; 580.69; 577.88
49185; 579.56; 578.25; 579.00
49195; 581.62; 582.56; 578.81
49203; 580.12; 579.38; 577.31
49213; 581.44; 584.81; 577.50
49222; 582.00; 576.94; 577.50
49810; 534.38; 531.56; 539.25
49818; 588.19; 587.44; 577.88
49827; 583.50; 585.38; 581.25
49837; 572.44; 577.31; 585.00
49845; 584.44; 578.81; 578.81
49854; 582.38; 577.12; 582.94
49863; 587.06; 578.81; 578.06
49872; 579.94; 578.06; 580.69
49881; 582.38; 583.31; 578.44
49890; 578.44; 576.94; 578.06
49899; 582.00; 578.81; 578.62
49909; 580.31; 584.81; 586.88
49918; 580.31; 575.44; 582.94
49927; 580.88; 581.81; 584.62
49936; 582.19; 578.44; 579.38
49945; 580.50; 582.56; 578.81
49954; 581.81; 584.44; 578.06
49963; 582.38; 578.25; 576.19
49972; 582.94; 577.88; 578.62
49981; 582.56; 576.94; 578.44
49990; 577.69; 579.75; 578.62
49999; 580.69; 579.38; 576.75
50008; 581.06; 578.25; 584.25
50018; 576.19; 579.56; 578.25
50027; 588.56; 580.31; 578.62
50036; 582.19; 577.12; 577.88
50045; 581.81; 576.56; 576.56
50055; 580.31; 578.62; 578.81
50063; 579.19; 578.06; 576.38
50072; 578.62; 578.81; 578.06
50081; 581.62; 578.25; 582.56
50090; 578.44; 584.25; 577.88
50099; 579.56; 585.00; 578.25
50108; 579.38; 584.25; 584.44
50118; 584.06; 582.75; 576.00
50126; 580.50; 579.00; 576.19
50136; 580.31; 575.25; 579.00
50144; 581.62; 581.44; 578.06
50153; 580.69; 578.81; 576.56
50162; 581.44; 577.88; 578.06
50171; 578.62; 578.25; 578.06
50180; 581.06; 578.06; 576.38
50189; 579.00; 576.38; 580.50
50198; 588.00; 576.75; 579.94
50207; 579.56; 578.25; 578.81
50218; 581.06; 576.38; 578.44
50226; 579.94; 576.75; 578.25
50235; 581.81; 578.81; 582.19
50244; 580.50; 578.25; 576.00
50253; 581.06; 578.06; 576.56
50262; 580.31; 578.62; 578.06
50271; 579.56; 577.12; 578.62
50280; 579.19; 578.44; 577.88
50289; 582.00; 580.69; 578.62
50298; 581.44; 577.50; 578.81
50307; 581.06; 575.81; 578.44
50317; 583.31; 578.25; 584.25
50326; 578.81; 577.88; 578.62
50334; 582.19; 580.12; 580.31
50343; 581.44; 584.44; 578.25
50352; 579.00; 578.44; 578.62
50361; 578.25; 580.50; 584.62
50370; 580.31; 576.75; 584.44
50379; 581.62; 578.25; 578.06
50388; 580.12; 582.19; 577.69
50397; 581.81; 579.94; 584.06
50413; 581.44; 573.56; 577.69
50431; 574.50; 575.62; 574.12
50440; 578.25; 588.75; 578.06
50449; 578.06; 578.44; 578.06
50458; 581.06; 580.88; 578.44
50467; 579.94; 584.44; 578.62
50476; 580.31; 580.50; 576.19
50485; 578.81; 576.00; 582.56
50494; 580.12; 577.88; 578.81
50503; 580.50; 577.88; 580.31
50512; 580.69; 578.06; 578.44
50522; 578.81; 577.88; 578.25
50531; 585.19; 578.81; 576.00
50539; 578.25; 578.06; 578.25
50548; 582.56; 576.94; 583.88
50558; 580.31; 578.06; 583.88
50566; 578.81; 582.75; 576.19
50575; 582.75; 584.44; 582.19
50584; 580.50; 578.62; 575.81
50593; 579.00; 579.19; 578.62
50602; 578.62; 576.94; 578.62
50611; 581.25; 578.06; 582.19
50620; 579.94; 577.88; 579.00
50630; 584.44; 586.50; 578.44
50638; 579.75; 578.62; 577.69
50648; 582.00; 576.56; 576.38
50657; 580.69; 584.25; 578.81
50665; 578.25; 584.81; 582.19
50674; 580.12; 577.88; 578.44
50683; 578.25; 579.94; 579.38
50692; 581.81; 576.75; 576.00
50701; 581.81; 578.81; 576.56
50711; 584.81; 580.88; 578.81
50719; 579.38; 577.69; 578.06
50729; 580.12; 577.12; 586.88
50737; 580.50; 577.31; 576.38
50746; 580.12; 578.62; 578.44
50755; 579.38; 578.06; 579.00
50764; 578.25; 576.75; 578.62
50773; 585.56; 579.56; 578.06
50782; 582.00; 578.06; 578.44
50791; 585.00; 578.81; 578.25
50800; 580.50; 583.69; 580.50
50809; 581.25; 576.75; 579.19
50819; 580.88; 577.88; 579.38
50829; 584.06; 579.56; 576.56
50838; 577.69; 584.62; 578.06
50847; 582.56; 578.62; 580.88
50856; 582.00; 578.62; 584.62
50865; 581.81; 578.44; 580.50
50874; 578.06; 578.44; 578.44
50883; 579.94; 578.62; 584.25
50892; 581.06; 578.62; 576.56
50901; 579.75; 577.31; 578.62
50910; 587.44; 578.25; 576.38
50919; 579.56; 578.81; 576.19
50928; 584.81; 578.81; 576.56
50938; 576.00; 576.56; 577.88
50946; 582.38; 578.62; 579.19
50955; 585.38; 583.12; 578.25
50964; 584.62; 579.19; 576.00
50973; 582.00; 576.38; 584.62
50982; 581.25; 578.62; 578.44
50991; 580.31; 576.19; 579.00
51000; 581.44; 579.00; 578.06
51009; 579.94; 576.75; 578.44
51022; 580.50; 576.19; 576.19
51030; 578.44; 579.94; 578.81
51040; 575.44; 584.62; 578.25
51048; 581.25; 580.50; 578.62
51058; 580.31; 579.00; 576.38
51066; 580.12; 578.81; 578.25
51075; 580.69; 576.94; 578.44
51084; 578.25; 578.06; 580.12
51093; 582.00; 576.75; 577.88
51102; 580.50; 580.69; 584.44
51111; 580.12; 576.75; 578.62
51120; 580.12; 577.69; 578.44
51129; 579.75; 584.81; 578.06
51139; 579.75; 578.25; 591.00
51148; 581.62; 577.31; 580.69
51156; 580.50; 576.94; 578.06
51165; 586.50; 586.50; 576.19
51174; 578.81; 584.44; 578.06
51183; 579.38; 576.38; 576.38
51192; 586.12; 579.00; 576.56
51201; 578.25; 577.69; 578.06
51210; 581.62; 578.81; 578.62
51220; 579.00; 577.31; 578.06
51229; 584.06; 584.62; 578.81
51239; 582.94; 578.44; 576.75
51248; 579.00; 577.88; 578.81
51257; 582.94; 584.44; 578.44
51265; 584.62; 580.50; 584.44
51274; 584.06; 584.44; 585.00
51283; 580.50; 584.25; 578.25
51292; 586.50; 584.25; 584.62
51301; 582.94; 576.75; 580.69
51310; 579.00; 584.44; 577.69
51319; 581.62; 580.69; 578.06
51328; 580.50; 578.44; 578.44
51337; 581.81; 581.81; 578.25
51347; 584.62; 589.31; 579.00
51355; 575.62; 583.88; 584.62
51364; 581.81; 579.38; 584.62
51373; 582.38; 576.75; 577.31
51382; 580.31; 578.81; 576.00
51391; 583.31; 576.75; 576.19
51402; 580.12; 578.06; 578.62
51424; 580.50; 577.69; 579.75
51432; 576.75; 576.00; 570.75
51441; 588.00; 580.50; 584.62
51451; 578.62; 580.50; 576.19
51459; 586.50; 576.75; 584.62
51468; 580.69; 584.06; 578.06
51477; 582.19; 576.75; 578.81
51486; 578.25; 579.38; 582.38
51495; 582.19; 579.94; 576.75
51504; 586.31; 582.75; 579.00
51513; 580.88; 575.81; 575.62
51522; 582.00; 577.12; 578.62
51531; 580.31; 578.81; 578.62
51540; 583.50; 577.31; 579.19
51550; 580.31; 581.81; 580.31
51559; 578.44; 583.50; 584.81
51567; 578.62; 578.44; 584.44
51576; 583.31; 577.88; 579.94
51585; 578.81; 578.06; 582.38
51594; 578.62; 584.62; 578.06
51603; 581.81; 583.69; 584.62
51613; 580.69; 584.25; 578.44
51622; 579.00; 575.81; 578.06
51631; 578.81; 578.62; 578.62
51640; 580.50; 578.06; 576.19
51650; 583.50; 575.81; 575.62
51658; 582.19; 581.81; 588.94
51667; 579.94; 583.50; 578.06
51677; 581.81; 585.56; 576.19
51685; 579.56; 575.62; 582.00
51694; 581.44; 578.06; 578.62
51709; 584.06; 580.88; 582.38
51718; 582.56; 578.62; 584.44
51727; 583.31; 585.75; 579.94
51736; 579.94; 588.00; 578.81
51745; 580.69; 578.62; 578.44
51754; 588.00; 579.19; 579.56
51764; 580.50; 575.62; 581.62
51773; 582.75; 576.56; 578.81
51782; 575.25; 580.69; 580.31
51791; 583.50; 577.69; 577.31
51800; 582.38; 579.00; 579.56
51809; 579.00; 581.25; 577.50
51819; 577.31; 578.44; 577.12
51828; 579.19; 578.81; 585.38
51837; 577.31; 578.25; 577.50
51846; 582.38; 581.06; 577.69
51855; 581.44; 579.19; 582.19
51864; 578.06; 578.81; 585.19
51873; 584.81; 580.88; 575.44
51882; 579.00; 580.12; 579.94
51891; 582.94; 584.06; 576.38
51905; 582.75; 578.25; 575.81
51915; 583.50; 575.62; 580.50
51926; 579.75; 575.62; 576.38
51934; 576.94; 580.69; 584.25
51943; 578.25; 577.31; 578.06
51953; 580.50; 576.75; 584.62
51962; 575.44; 583.69; 578.44
51970; 583.50; 578.06; 576.94
51979; 584.62; 581.06; 578.06
51988; 578.62; 580.31; 578.81
51997; 581.25; 577.50; 578.06
52006; 581.25; 579.38; 578.06
52017; 581.44; 578.44; 578.81
52025; 579.75; 584.81; 584.25
52034; 580.50; 578.06; 578.81
52043; 579.75; 578.25; 584.62
52052; 583.31; 579.94; 576.00
52063; 579.00; 579.56; 578.44
52071; 584.81; 581.25; 578.44
52080; 579.75; 578.06; 576.00
52089; 580.69; 576.56; 584.44
52098; 580.88; 584.06; 580.31
52107; 579.75; 577.88; 577.69
52116; 581.62; 577.88; 578.25
52125; 583.12; 582.56; 578.62
52134; 578.25; 584.62; 577.88
52143; 579.94; 580.12; 584.25
52153; 578.25; 577.50; 578.25
52162; 581.44; 578.25; 584.81
52171; 582.19; 575.81; 586.88
52180; 581.62; 576.56; 578.06
52189; 582.00; 576.75; 578.06
52198; 582.19; 579.75; 577.88
52207; 587.44; 576.94; 584.81
52216; 581.06; 582.75; 577.31
52226; 579.19; 578.06; 579.38
52235; 581.06; 578.25; 578.62
52244; 583.69; 584.25; 578.44
52253; 580.50; 578.25; 576.56
52262; 579.38; 577.69; 576.19
52271; 586.31; 582.56; 581.62
52279; 588.00; 583.31; 578.44
52288; 581.62; 577.69; 578.25
52297; 582.00; 578.44; 578.62
52306; 585.94; 575.81; 577.88
52315; 582.00; 580.50; 582.00
52324; 579.00; 578.25; 578.62
52333; 579.19; 576.75; 578.62
52342; 583.31; 578.25; 578.44
52351; 578.81; 576.94; 576.19
52360; 580.50; 578.06; 579.19
52370; 587.81; 582.75; 581.06
52379; 583.50; 581.06; 578.25
52388; 583.50; 578.06; 578.44
52397; 579.00; 579.56; 578.44
52409; 580.31; 583.50; 578.62
52424; 580.50; 577.88; 579.00
52435; 575.62; 584.06; 584.25
52444; 584.62; 575.44; 580.88
52454; 585.94; 575.06; 584.62
52463; 580.31; 582.94; 584.25
52472; 582.19; 577.50; 579.94
52480; 582.00; 583.69; 578.06
52489; 580.88; 577.31; 578.25
52498; 579.94; 577.50; 584.44
52507; 580.50; 578.06; 578.25
52516; 585.19; 584.25; 578.62
52525; 582.19; 578.25; 578.62
52534; 580.12; 580.12; 578.25
52543; 581.44; 576.75; 578.62
52552; 584.25; 577.88; 584.44
52562; 578.44; 578.44; 576.94
52571; 579.56; 578.62; 582.38
52579; 580.69; 580.31; 583.50
52588; 578.06; 576.94; 576.38
52600; 582.19; 578.06; 578.25
52609; 579.38; 584.06; 578.25
52618; 580.50; 581.25; 577.69
52627; 580.88; 576.00; 578.44
52636; 581.44; 576.38; 578.62
52645; 579.56; 578.81; 577.50
52654; 579.94; 578.81; 578.25
52663; 582.19; 580.69; 578.25
52674; 580.50; 577.31; 578.25
52683; 579.94; 577.31; 585.00
52691; 582.00; 578.62; 578.44
52700; 585.75; 576.75; 578.81
52709; 580.88; 577.12; 578.62
52718; 581.06; 580.69; 579.00
52728; 581.44; 577.12; 580.88
52736; 581.25; 579.00; 578.81
52745; 579.56; 576.38; 578.62
52754; 588.38; 578.44; 578.81
52763; 578.81; 576.94; 578.25
52772; 580.12; 584.25; 583.50
52782; 581.06; 581.44; 575.25
52790; 588.19; 585.19; 581.06
52799; 580.69; 578.81; 579.00
52809; 580.69; 578.62; 578.62
52819; 578.62; 582.94; 576.19
52827; 581.44; 582.94; 584.62
52836; 579.94; 578.62; 579.19
52845; 580.31; 584.62; 578.81
52854; 578.81; 583.31; 576.00
52863; 580.50; 575.81; 577.50
52872; 581.81; 578.25; 575.81
52882; 584.81; 583.69; 579.00
52890; 580.31; 581.06; 578.06
52899; 580.88; 578.62; 578.62
52908; 581.62; 578.81; 578.62
52917; 579.00; 577.69; 576.38
52926; 582.00; 578.62; 580.50
52935; 579.00; 580.31; 576.00
52944; 586.50; 576.56; 585.00
52953; 578.81; 584.81; 578.62
52962; 583.88; 578.44; 576.19
52971; 578.62; 584.44; 576.00
52981; 580.12; 578.06; 581.25
52990; 582.75; 576.94; 583.69
52999; 580.88; 576.19; 578.25
53008; 580.69; 579.75; 576.38
53017; 581.06; 579.75; 584.62
53027; 579.38; 587.44; 584.81
53036; 580.69; 577.88; 578.81
53045; 580.88; 584.81; 578.81
53054; 580.31; 578.06; 578.62
53063; 580.50; 576.38; 578.44
53072; 580.69; 577.88; 576.38
53081; 578.62; 575.81; 584.62
53090; 586.12; 580.88; 577.69
53098; 589.31; 578.44; 577.88
53107; 582.00; 580.31; 578.44
53116; 579.94; 576.00; 576.56
53125; 582.19; 578.44; 576.38
53134; 585.75; 576.38; 576.00
53143; 580.31; 576.94; 580.50
53153; 580.69; 582.75; 578.81
53161; 580.31; 577.88; 578.44
53170; 580.12; 577.88; 576.19
53179; 583.50; 578.44; 583.31
53189; 580.69; 586.50; 578.06
53198; 577.12; 580.69; 586.12
53207; 580.12; 579.19; 578.44
53217; 579.19; 578.62; 580.12
53226; 582.94; 578.25; 579.56
53235; 579.38; 578.44; 576.00
53244; 583.31; 577.88; 577.88
53253; 587.25; 579.75; 578.44
53262; 580.88; 578.62; 580.69
53271; 580.50; 578.06; 578.44
53280; 582.19; 576.94; 578.06
53289; 579.94; 579.94; 585.00
53297; 580.50; 576.00; 578.62
53306; 582.19; 578.44; 584.62
53315; 588.19; 578.62; 578.62
53324; 581.25; 578.81; 579.00
53333; 581.06; 577.12; 580.69
53342; 578.25; 578.44; 584.62
53351; 580.12; 578.44; 579.00
53360; 581.44; 577.69; 578.06
53369; 588.00; 578.44; 578.81
53378; 580.50; 578.62; 578.44
53387; 582.00; 577.12; 584.44
53397; 579.38; 581.25; 580.88
53409; 588.00; 577.50; 580.12
53432; 578.06; 575.81; 575.44
53440; 578.62; 573.75; 576.19
53449; 585.00; 584.81; 578.62
53458; 581.06; 577.50; 578.44
53467; 581.25; 578.62; 578.62
53476; 581.81; 579.00; 579.19
53485; 580.12; 578.81; 580.88
53495; 582.19; 580.50; 576.56
53503; 580.50; 578.44; 578.06
53512; 588.38; 577.69; 584.25
53521; 580.12; 578.81; 578.06
53530; 582.00; 578.44; 576.38
53539; 580.50; 577.31; 578.25
53548; 581.44; 580.31; 578.62
53558; 578.25; 579.56; 576.00
53566; 579.56; 578.81; 584.44
53575; 584.62; 583.88; 578.44
53584; 580.12; 577.12; 583.31
53594; 581.81; 576.19; 576.38
53603; 580.50; 578.62; 578.25
53611; 579.19; 580.69; 576.19
53622; 586.69; 576.19; 578.25
53630; 580.12; 576.75; 578.44
53639; 580.12; 575.06; 576.38
53648; 582.38; 578.62; 575.81
53657; 578.62; 578.25; 578.25
53666; 580.88; 576.75; 579.00
53676; 578.44; 580.12; 578.62
53684; 582.38; 576.56; 577.88
53693; 580.50; 578.81; 576.56
53703; 582.19; 581.62; 576.19
53711; 587.62; 584.44; 576.00
53720; 580.50; 576.94; 578.25
53730; 582.38; 584.06; 577.50
53738; 578.44; 580.50; 578.44
53747; 582.00; 577.12; 576.19
53756; 578.81; 586.31; 578.81
53765; 580.31; 578.62; 578.25
53774; 579.56; 580.12; 577.88
53783; 582.94; 576.94; 578.62
53792; 578.81; 581.81; 576.19
53802; 579.75; 578.44; 583.31
53812; 579.94; 576.19; 578.06
53820; 580.88; 578.81; 576.38
53829; 581.62; 583.31; 576.56
53838; 581.06; 576.56; 579.00
53847; 579.38; 579.19; 578.81
53856; 586.31; 578.25; 578.44
53865; 579.19; 579.38; 578.81
53874; 582.19; 578.44; 576.56
53883; 580.50; 584.44; 585.00
53892; 579.94; 576.75; 578.62
53902; 578.81; 576.94; 575.44
53911; 580.31; 581.25; 585.38
53919; 581.25; 578.44; 579.38
53928; 586.50; 576.38; 578.25
53937; 581.06; 579.94; 578.25
53946; 580.31; 581.44; 578.81
53955; 578.44; 576.94; 576.38
53964; 582.19; 577.50; 578.62
53973; 579.75; 578.06; 578.62
53982; 577.88; 584.44; 576.38
53991; 579.94; 578.81; 584.25
54004; 581.62; 583.50; 580.88
54015; 577.31; 578.06; 573.75
54024; 583.31; 578.81; 578.06
54033; 582.38; 577.12; 576.19
54042; 578.06; 577.88; 576.38
54051; 588.38; 578.81; 579.38
54060; 582.38; 578.25; 577.31
54069; 582.56; 583.88; 579.56
54078; 579.38; 579.75; 576.38
54087; 580.69; 579.94; 578.44
54096; 583.69; 577.88; 577.69
54105; 581.06; 579.94; 578.44
54114; 585.56; 578.44; 574.31
54123; 580.50; 577.88; 579.00
54132; 580.88; 577.88; 580.50
54141; 585.19; 578.62; 576.56
54150; 580.88; 579.00; 578.06
54159; 584.81; 577.88; 578.81
54168; 581.81; 575.81; 578.06
54177; 581.44; 575.81; 578.25
54186; 578.62; 577.50; 578.25
54195; 582.38; 575.62; 584.44
54204; 582.56; 576.38; 578.81
54214; 580.31; 586.69; 578.06
54222; 578.44; 578.06; 577.88
54231; 577.88; 578.44; 584.62
54240; 580.12; 581.62; 578.62
54249; 582.19; 580.31; 578.25
54258; 581.81; 577.50; 577.88
54267; 585.56; 579.56; 584.44
54276; 585.56; 584.44; 580.69
54285; 579.94; 578.44; 578.44
54294; 582.94; 578.44; 575.81
54303; 578.81; 584.44; 578.62
54313; 580.50; 578.25; 587.06
54322; 580.12; 577.69; 577.69
54331; 581.81; 583.88; 582.56
54340; 578.62; 575.81; 578.62
54349; 582.56; 579.94; 585.19
54358; 580.50; 577.88; 578.06
54367; 582.75; 578.06; 579.38
54376; 580.88; 577.69; 579.00
54385; 579.00; 584.44; 578.44
54394; 578.62; 580.31; 576.56
54406; 580.50; 576.75; 584.44
54418; 584.25; 576.94; 578.81
54431; 579.75; 574.12; 582.38
54441; 577.88; 576.75; 576.38
54450; 588.19; 581.62; 578.06
54459; 580.69; 579.75; 578.62
54468; 582.56; 577.31; 576.56
54477; 582.00; 579.38; 578.06
54486; 582.56; 578.44; 576.38
54495; 580.69; 578.62; 577.69
54504; 579.38; 576.56; 584.62
54513; 580.31; 578.81; 584.81
54522; 577.88; 578.62; 584.62
54530; 581.25; 578.62; 578.44
54539; 582.00; 578.44; 578.81
54548; 580.69; 584.62; 578.06
54558; 580.88; 579.19; 578.25
54566; 579.00; 578.25; 576.00
54575; 582.56; 579.75; 576.19
54584; 580.31; 578.44; 584.81
54593; 579.00; 578.62; 584.62
54602; 581.81; 576.75; 578.62
54611; 586.69; 580.31; 576.38
54622; 578.62; 582.00; 576.19
54630; 578.81; 576.56; 580.88
54639; 580.50; 577.12; 577.88
54648; 580.12; 577.31; 578.62
54657; 579.19; 578.44; 578.44
54666; 584.44; 578.44; 578.44
54676; 579.94; 578.81; 580.50
54684; 579.94; 577.50; 578.25
54693; 581.62; 577.12; 577.31
54702; 581.06; 579.00; 580.69
54712; 580.31; 577.12; 576.38
54721; 581.81; 578.62; 583.31
54730; 580.31; 579.00; 578.25
54738; 584.44; 578.25; 577.31
54747; 579.38; 578.62; 578.25
54756; 581.44; 576.94; 576.56
54765; 581.81; 578.62; 578.81
54774; 580.12; 580.69; 578.62
54783; 581.81; 578.62; 576.38
54792; 580.31; 578.81; 577.69
54801; 580.31; 584.44; 576.38
54812; 579.94; 584.44; 578.06
54820; 579.00; 576.75; 578.44
54830; 579.94; 582.75; 576.38
54838; 586.31; 578.44; 578.25
54847; 580.12; 583.31; 584.25
54856; 586.50; 578.62; 578.81
54865; 577.31; 580.50; 576.38
54874; 581.44; 576.19; 577.88
54883; 580.88; 576.94; 576.19
54892; 582.00; 578.44; 576.38
54901; 580.50; 575.81; 576.56
54910; 583.69; 576.00; 576.56
54919; 580.31; 578.81; 578.62
54929; 582.00; 578.81; 580.12
54937; 582.19; 584.25; 578.44
54946; 578.62; 576.00; 575.62
54955; 578.44; 577.12; 578.25
54964; 580.31; 581.25; 578.81
54973; 580.31; 578.25; 578.44
54982; 583.31; 578.44; 582.19
54991; 583.31; 578.25; 576.56
55001; 581.44; 577.31; 577.50
55010; 579.94; 580.31; 576.38
55020; 578.62; 581.81; 580.69
55029; 580.69; 576.75; 578.62
55037; 582.00; 579.75; 583.50
55046; 578.81; 577.69; 576.19
55056; 582.19; 578.44; 580.88
55064; 580.31; 581.81; 576.56
55073; 579.75; 584.62; 576.56
55083; 579.19; 583.31; 582.56
55091; 581.44; 577.50; 578.25
55100; 579.38; 578.25; 579.00
55109; 581.62; 576.38; 578.81
55118; 581.25; 579.00; 578.62
55127; 579.75; 579.00; 578.44
55137; 582.38; 581.06; 579.00
55146; 588.38; 576.56; 578.25
55154; 580.12; 577.88; 577.88
55163; 579.94; 579.94; 576.56
55172; 580.69; 577.69; 578.25
55181; 582.00; 578.44; 580.69
55190; 584.62; 576.38; 582.19
55199; 581.81; 577.31; 578.81
55208; 580.31; 578.44; 578.06
55218; 580.31; 577.50; 577.88
55227; 582.19; 578.06; 576.19
55237; 580.12; 584.06; 578.06
55245; 575.81; 576.00; 586.31
55254; 580.12; 578.25; 584.62
55263; 578.81; 584.44; 578.44
55272; 588.38; 576.94; 580.69
55281; 581.62; 578.25; 579.00
55290; 582.94; 578.62; 576.19
55299; 580.31; 584.81; 584.06
55308; 578.81; 578.25; 578.06
55318; 580.31; 577.12; 577.88
55326; 588.19; 576.56; 578.25
55336; 580.50; 578.25; 584.06
55344; 581.06; 582.56; 580.88
55353; 579.75; 577.31; 578.81
55362; 580.12; 579.00; 580.88
55371; 584.81; 578.62; 578.62
55380; 580.88; 578.62; 578.25
55389; 579.56; 577.12; 578.81
55398; 578.81; 581.81; 576.00
55413; 577.50; 576.00; 578.06
55422; 580.50; 577.88; 578.44
55431; 579.00; 578.25; 578.44
55445; 584.06; 576.38; 577.88
55455; 576.38; 583.88; 578.25
55463; 578.44; 577.88; 578.62
55472; 581.25; 578.81; 579.00
55481; 578.25; 578.25; 578.62
55490; 580.88; 578.44; 576.19
55499; 581.25; 578.06; 578.25
55508; 581.06; 583.88; 575.81
55517; 581.44; 584.25; 578.44
55526; 583.31; 578.25; 578.44
55535; 579.00; 576.94; 577.88
55545; 581.44; 587.62; 579.00
55554; 577.50; 582.38; 577.88
55563; 579.94; 583.31; 584.25
55571; 578.44; 576.94; 578.25
55580; 581.62; 578.44; 578.25
55589; 581.62; 575.62; 578.44
55598; 581.44; 580.69; 578.44
55607; 580.50; 577.88; 578.44
55616; 579.94; 578.44; 578.44
55626; 581.81; 576.94; 576.38
55635; 579.56; 578.62; 576.19
55645; 581.25; 578.81; 581.25
55653; 581.25; 574.88; 580.88
55662; 580.31; 578.81; 576.56
55671; 582.00; 578.25; 578.44
55681; 581.06; 582.75; 580.88
55690; 578.81; 578.81; 578.44
55699; 581.62; 578.25; 582.94
55708; 580.12; 578.25; 579.00
55717; 581.25; 579.00; 576.75
55726; 581.25; 581.06; 579.19
55735; 579.75; 578.44; 579.19
55745; 580.12; 584.44; 576.56
55754; 580.50; 580.50; 578.44
55762; 581.25; 578.06; 578.62
55771; 582.56; 578.25; 578.06
55780; 581.25; 579.00; 578.25
55789; 580.50; 584.81; 576.19
55798; 579.56; 579.94; 579.19
55807; 582.38; 578.25; 577.88
55816; 580.31; 575.62; 578.44
55825; 581.06; 578.25; 578.62
55834; 587.25; 584.25; 578.25
55843; 578.06; 577.88; 580.31
55853; 573.75; 581.25; 579.19
55861; 591.00; 579.00; 578.06
55870; 582.00; 577.31; 575.81
55879; 582.38; 583.31; 584.44
55889; 579.38; 576.19; 576.38
55897; 580.12; 578.81; 578.62
55906; 579.56; 578.06; 578.25
55915; 582.38; 582.75; 584.81
55924; 579.94; 582.56; 578.81
55933; 581.81; 578.44; 578.62
55942; 585.38; 584.62; 578.25
55952; 580.12; 577.12; 587.44
55960; 579.75; 576.38; 579.94
55969; 582.38; 578.62; 584.81
55978; 579.19; 585.00; 584.81
55987; 581.25; 579.38; 578.25
55996; 580.31; 578.62; 579.19
56006; 580.88; 578.62; 584.44
56015; 580.31; 578.81; 579.19
56023; 581.81; 578.62; 584.44
56032; 579.00; 576.75; 578.44
56041; 582.94; 579.94; 578.62
56051; 579.75; 577.31; 584.62
56060; 583.69; 578.62; 576.19
56068; 588.38; 578.62; 576.19
56078; 580.12; 584.25; 576.56
56086; 581.25; 578.62; 579.94
56095; 580.12; 578.62; 578.44
56106; 579.75; 578.44; 577.88
56114; 579.00; 584.62; 581.06
56123; 579.94; 576.00; 578.44
56132; 580.50; 578.06; 578.81
56141; 579.38; 577.88; 578.44
56151; 580.69; 576.94; 576.38
56160; 578.25; 578.81; 578.44
56168; 581.25; 577.12; 578.44
56177; 588.00; 578.44; 578.44
56186; 584.81; 584.62; 578.44
56195; 578.62; 575.81; 584.25
56204; 578.81; 578.81; 578.62
56215; 581.06; 578.25; 581.06
56223; 579.94; 574.69; 575.62
56232; 582.75; 580.12; 577.88
56241; 582.56; 584.62; 584.62
56250; 581.62; 576.94; 576.38
56260; 579.38; 580.69; 576.56
56268; 581.44; 589.50; 578.62
56277; 581.44; 582.75; 576.38
56286; 584.62; 578.62; 578.25
56295; 581.81; 583.31; 579.19
56304; 581.06; 576.56; 578.44
56313; 580.88; 577.31; 578.25
56322; 581.81; 578.25; 578.06
56331; 580.50; 579.19; 578.81
56340; 581.62; 578.62; 576.19
56349; 587.06; 578.44; 580.69
56359; 584.06; 578.25; 573.38
56368; 581.81; 580.31; 579.94
56376; 582.38; 575.81; 576.38
56385; 580.12; 579.00; 579.00
56394; 581.06; 578.62; 576.56
56406; 580.12; 578.44; 578.44
56427; 576.19; 573.00; 575.62
56435; 578.44; 580.88; 578.44
56444; 580.69; 576.56; 577.50
56453; 580.31; 580.12; 584.44
56463; 588.00; 577.88; 585.38
56471; 580.12; 578.62; 580.31
56480; 580.69; 580.50; 577.12
56489; 579.00; 576.94; 579.00
56498; 580.69; 576.56; 578.81
56507; 585.38; 579.94; 578.44
56516; 582.38; 578.62; 578.81
56525; 579.94; 576.19; 578.81
56534; 580.50; 584.44; 578.44
56543; 581.44; 577.88; 584.25
56552; 580.88; 578.62; 576.00
56562; 578.81; 579.00; 580.12
56571; 578.62; 581.25; 576.00
56579; 586.31; 580.31; 578.44
56588; 585.75; 576.00; 584.62
56597; 578.06; 577.50; 578.44
56606; 582.19; 578.44; 576.00
56615; 584.81; 578.06; 578.25
56624; 580.12; 578.25; 575.62
56633; 582.19; 578.06; 578.06
56643; 583.69; 580.12; 576.00
56651; 587.81; 576.94; 579.75
56660; 580.50; 586.12; 578.06
56670; 580.50; 582.00; 579.56
56678; 579.75; 584.06; 576.38
56687; 580.31; 580.12; 577.88
56696; 586.50; 577.88; 579.00
56705; 580.31; 576.56; 578.62
56715; 578.25; 578.44; 584.62
56723; 582.56; 578.25; 576.56
56732; 579.75; 578.81; 577.88
56741; 582.00; 583.50; 577.31
56750; 578.44; 576.94; 578.62
56759; 581.25; 578.25; 576.19
56769; 580.69; 579.94; 575.25
56778; 584.62; 576.00; 578.44
56786; 580.31; 578.25; 576.56
56795; 580.31; 577.88; 584.25
56804; 581.62; 576.94; 578.06
56813; 579.75; 580.31; 575.81
56822; 583.12; 582.19; 578.62
56831; 580.12; 576.75; 578.06
56840; 588.19; 578.25; 578.06
56849; 578.44; 580.50; 577.88
56858; 582.56; 575.81; 578.44
56867; 585.00; 576.00; 577.50
56877; 573.38; 583.50; 576.19
56885; 588.38; 574.12; 578.44
56894; 576.75; 575.81; 580.12
56903; 580.50; 578.62; 579.38
56912; 582.00; 577.12; 577.88
56921; 582.38; 578.44; 576.56
56930; 578.44; 580.12; 576.38
56939; 579.75; 577.88; 576.38
56948; 581.62; 578.81; 578.62
56957; 579.94; 576.94; 578.81
56966; 580.31; 579.19; 575.44
56976; 581.25; 578.25; 581.06
56984; 582.00; 576.56; 584.44
56993; 580.12; 584.62; 580.31
57002; 580.31; 578.25; 576.00
57012; 580.31; 581.44; 576.56
57021; 582.19; 578.62; 578.25
57030; 581.25; 580.31; 578.62
57039; 582.19; 577.50; 584.25
57048; 582.19; 578.44; 578.25
57058; 578.81; 575.62; 584.62
57066; 580.69; 581.06; 578.44
57076; 579.94; 584.44; 579.94
57089; 583.50; 576.75; 581.06
57100; 584.44; 580.88; 576.19
57112; 573.19; 585.00; 575.81
57121; 581.62; 575.62; 576.19
57130; 580.88; 575.81; 578.81
57142; 582.19; 577.88; 578.25
57152; 583.31; 574.69; 578.44
57161; 576.56; 585.56; 582.19
57170; 580.12; 584.25; 578.25
57179; 580.31; 578.06; 576.56
57188; 580.69; 584.81; 577.88
57196; 579.19; 578.25; 578.62
57205; 579.94; 577.88; 578.25
57217; 582.38; 578.06; 577.50
57225; 587.06; 579.00; 578.06
57234; 581.25; 578.62; 578.25
57243; 580.12; 581.06; 578.25
57253; 580.50; 577.88; 576.38
57262; 587.25; 580.69; 578.25
57270; 580.31; 576.19; 579.00
57280; 581.81; 577.31; 577.88
57289; 583.69; 578.62; 574.31
57297; 580.31; 577.31; 579.38
57306; 581.25; 579.56; 580.50
57315; 581.62; 578.06; 584.62
57324; 588.75; 577.88; 576.56
57334; 578.06; 578.44; 578.06
57342; 579.75; 584.25; 578.25
57351; 582.00; 578.25; 576.56
57360; 582.38; 580.12; 578.25
57369; 581.62; 576.56; 578.62
57378; 587.25; 576.94; 584.62
57388; 584.62; 585.38; 578.44
57396; 578.62; 580.31; 578.44
57419; 576.94; 578.62; 583.69
57428; 581.81; 575.44; 572.62
57436; 580.69; 582.56; 576.75
57445; 580.50; 578.25; 578.44
57454; 578.62; 577.88; 579.00
57463; 582.00; 579.00; 578.81
57472; 580.88; 576.75; 576.19
57481; 581.62; 578.06; 578.25
57491; 574.88; 587.62; 578.62
57499; 583.12; 578.44; 578.81
57508; 580.12; 578.44; 576.38
57517; 581.81; 578.25; 575.81
57526; 580.50; 585.56; 584.62
57535; 581.81; 578.25; 579.00
57544; 580.31; 580.50; 578.81
57554; 580.12; 578.25; 578.62
57563; 581.81; 578.62; 578.06
57571; 581.44; 578.81; 578.44
57580; 581.44; 578.81; 584.62
57590; 581.81; 578.06; 580.12
57601; 580.12; 583.31; 578.62
57610; 584.25; 580.12; 576.00
57618; 585.19; 578.44; 578.62
57627; 580.31; 578.81; 578.62
57636; 581.44; 578.44; 580.88
57645; 581.06; 578.81; 579.19
57654; 582.00; 577.12; 580.88
57663; 582.75; 576.19; 576.56
57672; 579.94; 578.81; 578.81
57681; 580.88; 580.69; 578.44
57691; 581.25; 579.56; 579.56
57700; 580.88; 578.81; 584.25
57708; 579.19; 578.25; 576.75
57717; 580.12; 578.06; 578.62
58115; 533.81; 533.44; 540.00
58123; 591.38; 582.56; 576.38
58132; 578.81; 582.75; 576.19
58141; 582.19; 576.56; 578.06
58151; 581.62; 575.25; 578.81
58159; 580.31; 578.81; 578.06
58168; 579.94; 578.25; 579.94
58177; 579.94; 576.56; 578.81
58186; 585.56; 578.81; 584.44
58195; 580.12; 583.50; 582.75
58205; 581.44; 578.62; 576.19
58213; 580.12; 580.88; 578.62
58222; 582.00; 576.56; 578.62
58231; 581.06; 585.00; 576.56
58240; 580.12; 579.00; 579.19
58250; 582.75; 577.88; 578.25
58259; 582.00; 585.00; 578.81
58268; 580.88; 584.62; 578.25
58277; 582.38; 577.88; 578.62
58286; 579.56; 577.31; 578.06
58295; 581.44; 586.31; 578.62
58305; 579.38; 578.81; 579.75
58314; 579.19; 578.81; 579.00
58322; 581.62; 578.81; 584.44
58331; 586.12; 578.25; 579.38
58340; 582.94; 584.62; 578.44
58349; 578.81; 585.00; 578.44
58358; 581.81; 577.31; 576.38
58367; 586.50; 578.81; 578.62
58376; 580.88; 578.62; 576.56
58385; 584.44; 578.25; 576.19
58394; 581.81; 578.44; 577.88
58407; 580.50; 579.19; 578.06
58420; 579.56; 577.69; 583.88
58428; 578.25; 581.44; 579.94
58437; 579.00; 578.62; 576.56
58448; 575.81; 579.00; 581.81
58462; 582.00; 583.12; 579.00
58470; 581.44; 576.75; 584.62
58479; 579.56; 577.31; 576.56
58488; 581.81; 579.19; 579.38
58497; 579.38; 578.62; 584.62
58506; 584.44; 578.81; 578.62
58516; 578.25; 581.62; 576.75
58524; 586.69; 576.75; 585.19
58533; 582.00; 578.81; 578.62
58542; 579.94; 577.50; 584.44
58551; 581.06; 578.81; 584.62
58561; 582.00; 584.44; 579.19
58569; 581.25; 584.81; 579.00
58578; 578.44; 577.31; 578.25
58587; 581.44; 577.12; 576.19
58596; 584.06; 578.44; 577.88
58605; 582.75; 576.94; 578.44
58615; 581.62; 579.38; 579.75
58623; 582.00; 584.25; 584.81
58632; 586.88; 577.12; 578.25
58641; 580.88; 580.31; 576.38
58650; 581.62; 576.56; 578.44
58659; 578.25; 576.94; 577.50
58669; 582.19; 578.25; 577.88
58677; 578.81; 579.19; 578.81
58686; 580.31; 579.00; 577.88
58695; 578.44; 577.12; 576.56
58704; 588.19; 578.44; 578.25
58714; 581.06; 578.25; 578.25
58723; 583.12; 580.88; 584.06
58731; 579.94; 578.62; 577.69
58740; 580.50; 578.44; 577.69
58749; 580.12; 576.56; 578.25
58758; 580.12; 576.19; 583.88
58767; 580.31; 578.62; 578.81
58776; 580.12; 578.81; 578.44
58785; 585.00; 578.25; 578.44
58794; 580.88; 576.75; 584.62
58803; 578.81; 578.25; 578.62
58814; 588.19; 576.94; 578.25
58823; 575.06; 588.00; 578.44
58831; 588.94; 576.75; 578.44
58840; 578.81; 578.44; 577.88
58849; 582.00; 584.44; 576.38
58858; 580.50; 583.69; 578.06
58867; 579.56; 579.94; 577.69
58876; 582.94; 582.75; 578.81
58885; 580.31; 578.81; 584.25
58894; 580.50; 578.81; 584.62
58903; 585.00; 578.25; 578.44
58912; 579.94; 577.88; 578.44
58922; 580.31; 574.88; 579.00
58930; 580.88; 581.62; 577.88
58939; 579.19; 584.25; 578.44
58948; 584.81; 578.44; 578.62
58957; 580.50; 576.56; 584.25
58966; 583.12; 579.94; 578.25
58975; 582.19; 577.88; 580.69
58984; 584.62; 579.56; 577.88
58993; 581.25; 577.88; 576.75
59003; 580.69; 583.69; 578.06
59013; 579.94; 584.25; 577.12
59022; 581.44; 580.31; 577.88
59030; 579.75; 579.00; 589.12
59039; 586.50; 578.81; 579.00
59048; 578.62; 576.94; 579.00
59058; 582.19; 576.19; 576.56
59066; 580.12; 584.62; 578.44
59075; 582.38; 578.44; 578.81
59084; 584.25; 579.00; 578.06
59093; 581.81; 578.44; 585.00
59102; 580.69; 577.88; 578.62
59111; 581.25; 578.62; 579.00
59120; 582.19; 578.62; 578.81
59130; 576.38; 582.00; 576.00
59138; 581.81; 577.69; 578.44
59148; 582.00; 576.94; 578.25
59156; 580.88; 583.50; 578.44
59165; 579.38; 580.31; 584.44
59174; 585.19; 576.75; 584.62
59183; 580.50; 577.31; 578.06
59192; 581.06; 580.12; 576.56
59201; 580.69; 576.94; 578.06
59210; 579.94; 578.44; 577.12
59220; 581.62; 577.88; 579.56
59229; 578.81; 577.12; 580.31
59238; 580.69; 575.62; 578.44
59246; 581.62; 578.81; 578.25
59256; 585.94; 582.00; 576.75
59266; 584.62; 579.38; 578.62
59275; 579.94; 586.31; 578.25
59283; 585.00; 578.81; 578.62
59292; 579.19; 576.56; 575.81
59301; 584.44; 584.62; 580.50
59313; 584.06; 577.31; 576.00
59321; 578.06; 580.69; 576.00
59331; 580.50; 577.88; 579.75
59339; 584.44; 576.19; 579.00
59348; 580.50; 582.56; 578.44
59357; 582.19; 578.25; 578.62
59368; 579.56; 578.62; 579.56
59377; 582.19; 577.69; 579.00
59385; 579.00; 585.94; 578.25
59394; 581.81; 578.44; 581.81
59407; 581.62; 577.88; 577.69
59426; 583.88; 573.56; 573.19
59435; 576.19; 579.38; 578.62
59443; 580.31; 586.88; 582.94
59452; 582.38; 578.25; 583.69
59461; 580.50; 578.81; 578.06
59470; 582.00; 578.25; 578.81
59479; 580.31; 578.06; 579.38
59488; 584.81; 578.44; 578.62
59497; 584.81; 584.62; 582.38
59506; 580.50; 578.62; 576.75
59515; 588.00; 576.94; 578.06
59524; 578.81; 584.62; 578.62
59534; 583.31; 577.12; 576.75
59543; 581.44; 580.31; 577.88
59551; 580.12; 584.06; 578.06
59561; 582.56; 580.31; 576.38
59569; 584.62; 582.94; 578.25
59578; 586.12; 576.38; 577.88
59587; 580.69; 578.62; 578.25
59596; 578.62; 578.25; 578.62
59605; 588.19; 576.75; 578.81
59616; 579.94; 577.69; 578.81
59624; 580.12; 576.94; 578.25
59633; 584.81; 578.25; 578.25
59643; 584.25; 581.62; 578.62
59651; 588.00; 575.62; 578.25
59660; 582.94; 578.62; 578.06
59669; 580.12; 579.00; 576.56
59678; 578.62; 578.62; 581.06
59687; 579.56; 578.62; 577.88
59696; 580.50; 578.62; 578.25
59705; 579.19; 584.25; 578.81
59714; 588.38; 580.12; 578.81
59723; 584.06; 576.94; 578.44
59732; 582.00; 578.06; 578.44
59742; 579.19; 579.94; 580.31
59750; 582.19; 582.38; 578.81
59759; 580.31; 578.81; 577.88
59768; 579.75; 580.31; 578.44
59777; 579.75; 579.38; 582.56
59786; 579.56; 578.25; 578.62
59795; 580.50; 578.25; 578.81
59804; 578.62; 578.44; 577.88
59815; 585.94; 572.81; 578.06
59823; 578.81; 582.38; 577.69
59832; 581.81; 578.25; 576.38
59842; 578.44; 577.12; 591.19
59850; 582.19; 577.69; 580.12
59859; 579.94; 577.88; 578.25
59868; 579.00; 584.44; 577.88
59877; 581.62; 577.69; 584.44
59886; 582.00; 578.44; 585.00
59895; 579.94; 578.06; 578.62
59904; 581.25; 584.62; 578.25
59913; 578.06; 579.19; 578.81
59922; 581.81; 578.62; 578.44
59931; 580.50; 577.12; 576.75
59940; 578.62; 575.06; 578.81
59950; 580.88; 587.44; 578.44
59958; 590.06; 582.56; 584.62
59967; 578.44; 583.69; 578.81
59976; 582.19; 577.31; 576.56
59985; 578.06; 583.50; 576.94
59994; 581.62; 582.94; 578.62
60004; 579.56; 583.50; 583.88
60013; 583.69; 577.88; 578.62
60022; 579.94; 575.62; 576.19
60031; 580.31; 578.44; 576.38
60040; 579.00; 581.81; 580.50
60050; 588.00; 586.69; 580.12
60059; 577.88; 579.56; 577.88
60067; 581.44; 587.06; 579.00
60076; 578.44; 584.06; 578.81
60085; 581.81; 578.25; 578.06
60094; 581.44; 576.00; 578.06
60103; 586.50; 578.25; 578.62
60112; 586.50; 575.62; 576.38
60121; 580.50; 576.94; 576.19
60130; 587.81; 583.31; 577.69
60139; 581.44; 577.88; 575.62
60149; 586.31; 578.25; 588.94
60157; 581.06; 576.19; 581.25
60166; 581.25; 584.44; 578.06
60175; 580.50; 580.50; 580.88
60184; 580.69; 578.81; 578.25
60193; 580.50; 578.81; 578.25
60202; 579.94; 579.00; 578.62
60211; 580.69; 578.06; 576.38
60221; 586.69; 576.19; 582.94
60229; 581.06; 578.81; 578.06
60238; 582.19; 576.19; 578.44
60247; 580.12; 576.94; 578.06
60258; 581.25; 588.19; 578.25
60266; 586.50; 577.31; 578.81
60275; 581.25; 577.31; 578.25
60284; 580.31; 583.12; 578.25
60293; 579.75; 579.38; 578.06
60302; 579.00; 578.06; 578.81
60311; 586.50; 578.06; 579.00
60320; 581.44; 579.00; 578.44
60330; 578.06; 575.62; 576.56
60338; 581.25; 580.12; 578.06
60347; 580.50; 577.12; 578.25
60357; 582.19; 580.12; 585.94
60365; 578.62; 584.62; 584.81
60374; 579.75; 577.50; 576.19
60383; 578.62; 576.94; 582.19
60392; 581.25; 584.44; 581.06
60404; 582.75; 577.50; 583.50
60423; 579.75; 576.56; 577.50
60431; 575.44; 573.94; 579.00
60440; 585.00; 584.62; 578.44
60449; 581.25; 586.31; 578.06
60459; 581.81; 580.31; 577.50
60467; 586.88; 583.88; 578.06
60476; 580.12; 578.25; 578.62
60485; 581.81; 578.44; 578.62
60494; 582.38; 578.06; 576.00
60503; 584.81; 584.44; 578.44
60512; 579.94; 584.44; 584.62
60521; 582.00; 584.62; 576.38
60530; 585.56; 578.81; 578.25
60539; 578.81; 582.75; 578.62
60548; 580.31; 576.56; 578.62
60558; 588.38; 578.06; 580.50
60566; 579.94; 578.25; 582.94
60575; 582.75; 578.44; 576.19
60584; 583.31; 578.25; 575.81
60593; 582.00; 576.38; 577.31
60602; 580.12; 580.50; 580.88
60611; 581.81; 576.94; 579.00
60621; 580.50; 582.19; 579.00
60629; 584.62; 578.62; 580.88
60638; 580.12; 585.38; 577.88
60647; 582.00; 582.56; 576.38
60656; 580.31; 578.81; 578.44
60666; 579.75; 581.06; 578.44
60674; 584.81; 582.38; 576.00
60683; 580.69; 576.56; 576.38
60692; 581.44; 578.62; 576.56
60701; 581.44; 578.25; 579.19
60710; 579.94; 586.12; 578.62
60720; 588.38; 576.75; 578.62
60728; 582.38; 584.62; 578.62
60737; 579.94; 578.81; 576.38
60746; 581.62; 578.25; 578.25
60755; 579.94; 578.44; 578.81
60765; 580.88; 578.81; 587.06
60773; 581.81; 576.75; 579.38
60782; 582.00; 578.44; 576.56
60791; 582.19; 580.69; 578.81
60800; 580.12; 578.44; 578.81
60813; 586.12; 577.31; 588.38
60821; 576.75; 578.81; 580.31
60830; 582.19; 579.00; 576.38
60839; 581.06; 578.62; 582.38
60848; 580.12; 578.81; 578.81
60857; 579.94; 579.00; 578.81
60867; 580.50; 577.31; 587.62
60875; 581.81; 576.75; 578.81
60884; 581.25; 577.31; 576.75
60893; 579.75; 578.44; 578.62
60902; 580.88; 578.81; 576.38
60911; 579.56; 576.94; 578.44
60920; 588.75; 578.81; 576.38
60929; 579.38; 578.81; 584.44
60938; 582.56; 578.81; 576.56
60947; 580.69; 578.62; 580.69
60956; 579.75; 585.38; 579.19
60966; 582.56; 577.12; 578.81
60975; 588.00; 580.12; 578.44
60983; 585.19; 578.62; 582.19
60992; 581.44; 578.62; 578.25
61001; 579.94; 575.81; 579.19
61011; 578.44; 584.44; 583.88
61020; 579.56; 585.94; 584.06
61028; 583.88; 578.62; 578.44
61037; 581.44; 577.88; 578.25
61046; 580.50; 577.69; 578.25
61056; 582.19; 576.00; 578.06
61064; 584.81; 578.25; 579.19
61074; 582.19; 583.31; 578.44
61083; 576.00; 585.00; 578.06
61092; 583.31; 584.62; 578.44
61101; 583.31; 578.25; 582.38
61110; 579.38; 578.44; 578.25
61119; 581.81; 580.31; 577.88
61128; 580.12; 578.62; 578.44
61137; 582.00; 576.94; 584.62
61147; 583.12; 578.62; 576.38
61155; 580.69; 584.25; 584.44
61164; 580.88; 578.44; 576.19
61174; 580.12; 577.88; 586.31
61182; 579.56; 576.94; 585.19
61191; 586.50; 580.50; 584.62
61200; 582.19; 578.81; 578.62
61209; 579.75; 577.12; 578.25
61220; 589.88; 576.19; 575.62
61228; 575.25; 578.81; 576.00
61237; 578.81; 579.94; 578.25
61246; 583.50; 578.25; 575.81
61256; 584.25; 578.62; 578.62
61265; 583.31; 577.88; 582.56
61274; 580.12; 576.19; 580.69
61283; 579.19; 579.00; 578.62
61291; 580.50; 578.44; 578.06
61300; 580.31; 576.75; 578.62
61309; 580.69; 576.94; 578.06
61318; 580.69; 584.81; 576.19
61328; 580.50; 578.25; 579.56
61336; 579.38; 577.88; 584.44
61345; 580.50; 577.88; 578.44
61354; 582.38; 579.00; 578.06
61363; 579.94; 585.00; 577.88
61372; 586.50; 578.44; 578.25
61382; 578.44; 577.69; 576.19
61390; 583.31; 578.06; 576.56
61399; 579.19; 585.00; 576.38
61412; 574.31; 576.38; 576.00
61427; 576.94; 575.62; 575.62
61435; 582.00; 580.69; 576.19
61444; 578.81; 578.62; 578.62
61457; 579.94; 574.88; 583.31
61465; 574.88; 577.88; 582.94
61474; 582.00; 579.00; 575.25
61484; 580.12; 585.75; 577.88
61492; 579.19; 578.62; 578.06
61501; 580.31; 580.50; 584.25
61510; 581.62; 576.75; 584.62
61519; 581.06; 576.94; 578.06
61529; 579.00; 576.56; 577.12
61537; 581.44; 579.75; 578.06
61546; 579.94; 577.12; 578.25
61556; 581.25; 577.12; 578.44
61564; 581.44; 578.81; 578.25
61573; 579.38; 578.25; 579.00
61583; 581.25; 578.44; 582.19
61591; 580.69; 578.62; 590.25
61600; 582.94; 580.69; 578.25
61614; 573.56; 582.94; 578.81
61623; 580.50; 578.62; 580.31
61632; 582.00; 578.06; 578.44
61641; 579.00; 576.94; 576.00
61650; 582.38; 586.12; 579.00
61659; 581.06; 575.81; 584.81
61668; 580.31; 575.81; 582.19
61677; 581.25; 578.62; 577.88
61687; 582.00; 574.88; 577.31
61695; 580.31; 581.44; 576.56
61704; 580.50; 576.94; 580.88
61713; 579.00; 580.12; 578.81
61725; 580.12; 579.38; 585.75
61733; 576.00; 579.19; 577.69
61742; 581.06; 579.56; 578.62
61755; 581.62; 578.44; 582.38
61763; 577.88; 573.94; 577.12
61772; 588.00; 577.12; 578.44
61781; 587.62; 578.62; 578.25
61791; 579.00; 583.69; 584.06
61799; 579.19; 579.75; 585.00
61808; 579.19; 576.56; 578.62
61818; 581.81; 574.69; 576.00
61826; 578.25; 583.50; 578.25
61835; 579.94; 576.75; 576.19
61844; 580.69; 577.31; 576.38
61854; 581.81; 578.44; 577.69
61862; 582.00; 576.56; 577.31
61871; 581.81; 577.12; 576.38
61885; 587.25; 575.62; 576.94
61896; 584.25; 576.75; 581.81
61904; 586.50; 575.81; 584.25
61913; 580.12; 578.62; 578.25
61922; 580.50; 578.06; 577.88
61931; 580.88; 577.88; 578.81
61940; 579.38; 578.06; 578.44
61949; 581.81; 584.62; 578.25
61958; 579.94; 578.44; 576.00
61967; 582.19; 578.25; 578.25
61976; 583.69; 577.50; 577.50
61985; 578.81; 578.25; 578.25
61995; 588.19; 591.38; 578.44
62003; 577.88; 583.50; 578.25
62015; 576.56; 576.38; 578.62
62023; 579.56; 580.12; 578.06
62033; 582.19; 578.25; 578.06
62042; 588.94; 579.75; 577.88
62055; 582.00; 579.19; 577.88
62064; 574.31; 574.69; 573.75
62072; 588.19; 578.06; 576.38
62081; 580.88; 575.62; 584.25
62090; 578.62; 582.19; 577.88
62100; 577.31; 581.62; 578.25
62110; 587.62; 576.56; 578.25
62118; 588.56; 578.25; 578.62
62127; 578.44; 576.94; 578.06
62136; 581.81; 584.81; 578.62
62145; 580.88; 578.44; 577.88
62154; 579.75; 576.75; 579.00
62163; 582.00; 582.94; 578.44
62172; 580.50; 577.12; 584.62
62181; 578.81; 585.94; 578.81
62192; 578.81; 584.62; 578.44
62206; 585.75; 583.31; 577.50
62215; 575.25; 571.88; 578.25
62223; 582.56; 578.06; 584.06
62232; 581.81; 576.56; 578.81
62241; 580.31; 580.31; 576.19
62251; 577.12; 578.44; 578.44
62259; 580.12; 584.62; 578.44
62268; 579.94; 578.44; 576.38
62277; 580.12; 578.81; 584.44
62286; 582.00; 578.81; 584.62
62295; 581.62; 578.62; 584.44
62305; 580.12; 579.19; 576.56
62314; 589.31; 583.12; 579.38
62322; 580.12; 578.62; 579.00
62331; 581.62; 584.25; 576.38
62341; 578.44; 576.19; 578.25
62351; 576.56; 582.75; 584.44
62364; 577.31; 577.88; 581.62
62373; 584.06; 578.25; 576.00
62383; 584.81; 576.00; 575.81
62392; 579.56; 576.75; 584.44
62401; 581.62; 583.69; 579.75
62412; 576.00; 578.62; 576.75
62427; 583.50; 578.44; 577.31
62435; 576.94; 576.38; 578.25
62444; 580.50; 584.62; 578.81
62453; 581.62; 578.06; 578.44
62462; 582.38; 576.94; 580.50
62471; 580.31; 579.00; 578.06
62480; 580.31; 582.00; 584.06
62489; 580.69; 577.69; 582.19
62498; 580.12; 576.56; 578.62
62509; 584.81; 581.44; 577.31
62518; 575.81; 575.81; 577.31
62531; 582.00; 573.75; 579.00
62539; 575.06; 589.31; 584.25
62548; 579.38; 579.00; 578.44
62558; 581.81; 577.69; 578.81
62566; 580.31; 580.69; 578.25
62575; 587.62; 576.75; 578.25
62584; 581.62; 576.38; 579.00
62593; 579.94; 578.81; 579.19
62603; 582.56; 577.31; 584.81
62612; 579.00; 585.94; 578.62
62622; 587.81; 584.81; 578.25
62631; 584.06; 584.62; 578.44
62640; 582.19; 582.94; 578.81
62649; 579.75; 580.69; 576.19
62658; 579.56; 580.88; 578.62
62668; 579.94; 584.44; 574.12
62679; 578.44; 573.94; 578.44
62691; 575.44; 576.19; 576.00
62699; 581.62; 577.88; 576.38
62709; 581.62; 576.94; 580.50
62717; 580.69; 580.31; 584.81
62726; 587.25; 577.69; 578.25
62735; 579.00; 576.00; 576.38
62744; 588.19; 575.81; 584.25
62753; 579.94; 584.06; 578.06
62762; 580.31; 579.00; 584.62
62771; 578.25; 582.56; 580.69
62780; 582.94; 578.81; 579.00
62789; 580.50; 577.12; 576.19
62798; 580.88; 579.19; 578.81
62807; 578.81; 583.50; 577.50
62818; 577.31; 588.75; 576.75
62828; 586.50; 578.06; 579.75
62839; 585.00; 575.62; 576.19
62847; 577.88; 582.19; 582.38
62857; 587.06; 579.00; 584.44
62865; 581.81; 581.44; 579.00
62876; 582.19; 579.19; 576.38
62885; 580.12; 578.62; 577.50
62894; 578.81; 579.00; 579.00
62903; 580.31; 583.69; 576.38
62912; 582.19; 576.38; 584.25
62921; 586.31; 579.00; 577.69
62929; 582.56; 578.06; 578.62
62938; 583.50; 578.81; 578.06
62947; 580.69; 576.75; 576.38
62956; 580.50; 575.81; 580.69
62965; 579.00; 580.12; 582.38
62974; 587.81; 578.62; 576.00
62985; 585.94; 578.25; 584.81
62997; 586.69; 572.81; 578.25
63005; 573.19; 587.25; 579.00
63017; 579.38; 573.75; 577.69
63026; 582.38; 578.81; 578.44
63035; 579.75; 578.06; 576.56
63044; 580.50; 578.25; 578.81
63053; 580.88; 585.38; 576.19
63062; 580.50; 576.56; 578.25
63071; 585.19; 583.88; 578.62
63080; 582.00; 577.88; 578.06
63089; 585.38; 576.56; 577.88
63098; 580.50; 584.25; 576.38
63107; 582.19; 576.56; 578.25
63116; 579.94; 584.25; 578.25
63125; 585.75; 577.31; 577.50
63133; 581.25; 576.75; 578.62
63144; 579.94; 584.81; 577.88
63153; 581.06; 576.00; 578.81
63164; 583.69; 575.81; 575.81
63173; 576.38; 578.06; 576.38
63182; 584.81; 579.94; 576.56
63191; 580.31; 578.06; 580.88
63202; 580.50; 576.19; 577.88
63210; 586.12; 578.06; 578.25
63221; 578.62; 583.88; 577.88
63229; 582.75; 576.19; 590.44
63238; 582.00; 576.19; 576.19
63247; 580.88; 576.56; 578.06
63257; 580.69; 579.56; 581.06
63265; 579.94; 576.75; 584.44
63274; 584.81; 580.69; 578.25
63283; 580.12; 578.25; 578.25
63292; 579.94; 576.94; 580.50
63302; 580.50; 575.81; 578.81
63311; 579.94; 582.19; 584.06
63324; 582.94; 576.38; 586.31
63333; 574.12; 583.88; 584.25
63342; 585.00; 580.69; 580.31
63353; 580.31; 582.75; 579.38
63361; 580.31; 578.62; 578.62
63370; 581.81; 576.56; 578.62
63379; 578.81; 578.06; 578.44
63388; 579.94; 579.00; 575.81
63397; 583.12; 578.44; 578.06
63409; 576.38; 577.31; 578.62
63419; 580.69; 580.12; 582.19
63431; 579.94; 574.69; 576.75
63441; 577.50; 576.94; 576.19
63449; 578.25; 586.50; 579.00
63459; 582.38; 585.00; 578.81
63472; 583.88; 575.06; 583.88
63480; 576.56; 581.06; 578.62
63489; 580.12; 581.81; 579.19
63498; 584.81; 584.44; 578.25
63507; 588.00; 578.06; 578.25
63518; 578.81; 577.12; 576.56
63527; 580.31; 577.88; 582.00
63536; 579.94; 584.25; 577.88
63546; 582.38; 574.88; 582.00
63556; 579.38; 577.69; 589.88
63564; 579.00; 578.81; 578.06
63573; 580.69; 576.56; 577.88
63582; 581.81; 584.62; 578.44
63591; 579.75; 583.69; 578.06
63600; 580.12; 580.50; 578.62
63610; 582.75; 575.81; 584.62
63624; 582.19; 582.19; 583.12
63634; 580.12; 583.88; 575.81
63642; 579.94; 578.81; 578.62
63652; 578.81; 580.50; 577.12
63660; 586.50; 583.50; 576.19
63671; 580.88; 578.81; 578.62
63679; 580.69; 578.62; 580.31
63688; 578.62; 578.81; 578.44
63697; 581.81; 578.62; 577.69
63707; 586.50; 578.62; 578.62
63715; 583.12; 579.75; 584.25
63724; 583.31; 578.62; 576.00
63734; 588.00; 583.69; 587.62
63743; 578.81; 574.69; 578.62
63752; 579.75; 578.62; 578.62
63762; 580.31; 577.69; 578.62
63771; 580.31; 577.50; 578.62
63784; 587.81; 580.50; 581.81
63792; 576.94; 573.75; 578.62
63801; 580.50; 577.12; 576.56
63810; 580.50; 578.81; 580.50
63821; 580.12; 576.94; 579.38
63829; 579.75; 581.06; 575.81
63839; 581.62; 584.62; 578.25
63848; 576.56; 580.12; 578.62
63858; 581.81; 581.44; 578.81
63866; 580.69; 583.50; 576.56
63875; 578.25; 577.50; 578.81
63884; 582.19; 575.81; 580.50
63893; 587.25; 578.81; 579.00
63902; 581.25; 577.50; 578.81
63911; 582.19; 579.00; 578.81
63920; 582.56; 578.62; 579.00
63930; 581.25; 580.12; 578.25
63943; 580.31; 578.25; 578.44
63952; 573.56; 578.25; 578.81
63960; 588.00; 577.88; 577.69
63969; 580.12; 578.44; 580.31
63980; 579.00; 581.06; 578.62
63988; 584.62; 580.50; 578.62
63997; 581.44; 583.50; 584.81
64006; 579.00; 580.31; 578.62
64016; 580.31; 578.44; 576.19
64025; 581.25; 578.62; 584.25
64034; 581.62; 576.75; 578.25
64044; 590.06; 583.31; 584.25
64052; 582.56; 581.62; 578.81
64062; 579.94; 578.44; 578.44
64070; 588.00; 578.62; 580.31
64079; 579.94; 578.62; 578.44
64089; 580.50; 577.12; 578.81
64101; 578.25; 584.62; 583.50
64110; 576.38; 582.19; 578.25
64118; 580.31; 578.81; 578.62
64127; 584.25; 578.25; 578.06
64136; 579.19; 579.00; 578.06
64146; 579.94; 580.50; 579.94
64157; 578.06; 585.38; 580.12
64165; 578.25; 578.06; 578.62
64174; 581.62; 578.25; 578.44
64183; 580.31; 582.56; 582.19
64192; 579.00; 579.94; 578.81
64201; 581.06; 578.25; 578.06
64210; 580.50; 578.44; 578.81
64220; 580.50; 578.25; 579.38
64229; 580.88; 579.19; 578.25
64239; 581.44; 577.31; 576.19
64254; 580.88; 576.19; 578.25
64263; 578.06; 582.75; 582.19
64271; 580.12; 579.56; 579.00
64280; 579.94; 578.44; 585.00
64291; 580.69; 578.62; 577.88
64299; 579.75; 576.94; 576.00
64308; 581.81; 578.44; 580.31
64317; 582.19; 576.56; 578.44
64326; 579.75; 578.62; 576.00
64336; 581.25; 579.75; 578.06
64345; 584.44; 576.94; 578.25
64354; 586.50; 580.69; 578.44
64362; 588.19; 577.88; 584.25
64371; 582.56; 576.75; 578.44
64380; 579.94; 578.25; 580.69
64391; 580.31; 576.56; 579.19
64405; 578.81; 574.31; 577.31
64427; 578.62; 572.62; 576.00
64435; 571.12; 581.06; 578.25
64444; 580.50; 578.06; 578.25
64454; 575.44; 579.38; 578.25
64462; 583.50; 576.56; 584.44
64471; 580.50; 578.62; 578.81
64480; 581.81; 578.44; 584.62
64489; 581.25; 578.06; 576.75
64498; 580.50; 576.94; 580.88
64507; 578.81; 577.31; 578.06
64516; 579.75; 576.56; 576.19
64525; 580.12; 578.44; 578.62
64534; 580.31; 578.81; 578.62
64545; 582.38; 577.88; 578.44
64555; 576.56; 577.88; 577.69
64564; 586.69; 580.50; 576.38
64572; 582.38; 580.31; 584.44
64581; 580.12; 578.44; 578.81
64590; 581.25; 578.62; 579.38
64599; 583.12; 578.44; 580.69
64609; 579.19; 579.75; 580.88
64617; 580.31; 584.81; 576.19
64626; 580.50; 578.25; 578.44
64635; 584.25; 577.12; 585.00
64644; 582.38; 578.81; 578.06
64656; 590.62; 578.62; 584.25
64665; 582.19; 574.69; 580.50
64673; 582.56; 578.25; 576.38
64682; 581.62; 577.31; 579.00
64691; 579.75; 583.12; 579.00
64700; 586.12; 578.06; 578.81
64709; 581.62; 578.25; 583.12
64719; 581.81; 580.88; 576.38
64727; 579.75; 577.50; 584.81
64736; 581.81; 579.38; 578.62
64745; 579.75; 577.12; 578.06
64756; 577.50; 585.56; 579.00
64766; 586.50; 578.06; 585.00
64774; 579.75; 576.94; 584.62
64784; 580.31; 577.88; 582.75
64792; 579.94; 584.06; 575.81
64801; 582.19; 575.62; 577.69
64810; 579.56; 577.12; 584.44
64823; 577.50; 576.00; 582.19
64835; 587.44; 581.81; 578.62
64843; 576.75; 579.00; 576.56
64854; 587.25; 582.94; 580.69
64864; 571.88; 575.81; 579.19
64872; 592.50; 584.06; 578.44
64881; 580.50; 578.44; 582.19
64890; 582.38; 577.69; 578.06
64899; 580.31; 578.44; 578.44
64908; 581.62; 576.75; 576.75
64917; 582.56; 578.81; 582.38
64926; 577.31; 586.31; 576.00
64937; 585.00; 575.62; 584.25
64947; 577.31; 584.62; 578.81
64958; 575.44; 583.12; 588.38
64967; 580.31; 574.88; 581.06
64975; 586.31; 577.31; 584.25
64987; 580.50; 577.88; 577.88
64996; 579.56; 578.44; 576.38
65007; 580.50; 578.25; 575.81
65015; 584.62; 576.94; 578.44
65024; 582.19; 576.38; 578.62
65033; 580.88; 575.44; 580.12
65042; 588.56; 578.44; 578.06
65051; 583.88; 575.62; 578.25
65063; 582.19; 582.19; 588.56
65072; 587.25; 577.88; 578.06
65080; 578.81; 578.25; 578.25
65091; 581.44; 579.00; 577.69
65100; 578.06; 576.19; 578.25
65109; 585.94; 580.31; 578.62
65118; 577.88; 575.81; 578.81
65127; 580.69; 580.31; 578.06
65136; 577.31; 577.12; 578.44
65148; 582.56; 577.12; 578.81
65158; 579.94; 580.50; 578.81
65167; 582.94; 581.44; 584.62
65177; 585.75; 578.06; 578.81
65185; 582.00; 577.31; 578.44
65194; 580.50; 576.56; 577.12
65203; 582.94; 586.31; 575.81
65214; 580.50; 578.44; 578.06
65222; 580.31; 578.81; 584.25
65231; 581.25; 578.44; 580.69
65240; 578.81; 579.00; 576.94
65251; 580.50; 572.81; 576.19
65267; 578.81; 582.00; 580.12
65276; 585.75; 573.00; 577.88
65284; 579.00; 576.38; 578.44
65293; 577.88; 576.94; 578.81
65302; 579.19; 586.88; 578.62
65311; 582.38; 577.88; 584.06
65320; 581.81; 578.44; 579.38
65329; 586.69; 578.06; 576.00
65338; 580.50; 584.25; 578.81
65347; 579.38; 578.44; 578.44
65357; 580.31; 578.06; 576.38
65367; 574.12; 585.94; 584.06
65376; 579.38; 591.75; 578.44
65384; 584.06; 578.44; 578.44
65393; 578.06; 579.00; 576.75
65406; 582.75; 577.50; 578.44
65426; 586.31; 582.56; 575.81
65434; 577.31; 577.31; 579.94
65443; 580.69; 577.88; 576.75
65452; 580.69; 580.88; 578.44
65463; 585.00; 580.12; 577.88
65473; 585.75; 581.62; 577.31
65483; 588.94; 584.06; 580.50
65491; 580.12; 576.94; 579.00
65500; 582.00; 581.06; 578.81
65509; 582.56; 579.94; 578.81
65518; 581.62; 579.00; 578.44
65527; 582.00; 579.00; 578.25
65536; 579.94; 584.62; 578.81
65545; 581.25; 580.69; 578.44
65555; 579.00; 584.81; 578.44
65564; 581.62; 578.62; 578.44
65572; 578.62; 576.94; 578.44
65582; 579.38; 582.00; 578.62
65590; 587.25; 576.75; 578.44
65599; 581.81; 578.25; 584.62
65609; 578.25; 581.44; 578.06
65617; 582.19; 578.81; 581.06
65626; 582.00; 582.75; 578.25
65635; 582.56; 576.56; 578.81
65644; 579.00; 584.62; 579.19
65653; 582.94; 576.38; 578.62
65662; 579.75; 576.56; 575.81
65671; 582.19; 580.31; 578.62
65681; 578.44; 584.44; 583.69
65689; 581.25; 583.12; 575.81
65698; 581.81; 578.81; 578.06
65707; 580.12; 578.62; 577.12
65717; 581.25; 576.19; 576.56
65725; 580.12; 578.44; 578.06
65734; 579.19; 579.00; 578.44
65743; 581.25; 582.75; 578.25
65752; 579.56; 584.25; 578.62
65761; 580.50; 582.94; 576.19
65771; 588.00; 575.25; 576.19
65780; 580.50; 581.25; 582.56
65789; 585.19; 577.50; 579.75
65798; 579.94; 578.44; 577.88
65806; 580.69; 580.12; 576.38
65815; 579.19; 582.56; 579.75
65824; 580.31; 582.19; 576.19
65833; 583.31; 578.44; 578.62
65842; 578.81; 576.94; 578.81
65851; 586.31; 578.62; 577.88
65861; 582.38; 584.62; 582.94
65875; 579.00; 575.44; 576.75
65888; 573.75; 578.25; 576.00
65896; 581.62; 589.12; 578.06
65905; 580.12; 576.56; 578.44
65914; 580.12; 579.94; 578.44
65923; 578.81; 578.44; 576.19
65932; 580.31; 582.94; 578.81
65941; 578.81; 578.25; 578.62
65950; 578.62; 584.06; 577.69
65959; 580.12; 575.81; 584.44
65968; 580.12; 578.62; 578.44
65978; 580.12; 577.69; 582.38
65987; 578.62; 577.88; 588.38
66000; 579.94; 583.88; 578.06
66010; 578.25; 576.00; 575.81
66019; 585.00; 576.38; 577.69
66028; 582.56; 577.88; 578.81
66037; 577.50; 584.44; 577.69
66046; 581.06; 578.06; 577.69
66055; 580.69; 580.12; 578.44
66064; 580.88; 578.06; 576.19
66073; 588.38; 577.69; 576.19
66082; 578.81; 576.94; 578.81
66091; 585.00; 579.75; 579.56
66100; 581.81; 581.62; 575.81
66109; 578.62; 578.62; 578.44
66117; 584.25; 578.62; 578.44
66126; 580.50; 585.94; 582.19
66394; 533.62; 529.88; 542.06
66406; 588.38; 586.12; 575.62
66427; 586.50; 571.31; 575.44
66436; 572.44; 583.69; 580.50
66445; 580.12; 577.12; 576.00
66455; 587.06; 581.44; 578.25
66467; 581.44; 582.94; 576.38
66476; 576.75; 574.50; 578.25
66485; 580.88; 579.38; 584.81
66494; 580.12; 580.69; 578.06
66504; 576.94; 581.25; 578.81
66512; 585.56; 575.81; 579.00
66521; 579.94; 580.88; 578.44
66530; 582.19; 581.06; 579.19
66539; 581.44; 579.19; 578.25
66548; 579.38; 578.44; 578.81
66558; 585.19; 578.62; 576.00
66566; 579.38; 584.81; 578.81
66576; 581.25; 578.81; 578.81
66584; 580.69; 579.94; 578.44
66593; 582.75; 577.69; 577.88
66603; 580.50; 579.94; 579.94
66613; 579.00; 585.38; 578.06
66625; 581.06; 579.00; 573.56
66633; 576.94; 574.69; 579.19
66642; 582.75; 584.44; 578.25
66651; 581.62; 579.94; 584.25
66664; 578.81; 577.88; 577.12
66674; 580.12; 578.25; 578.62
66684; 577.12; 578.25; 577.88
66692; 579.00; 578.25; 578.06
66702; 579.38; 578.06; 581.62
66711; 580.31; 576.94; 586.50
66719; 580.31; 579.00; 578.81
66728; 580.88; 579.00; 576.19
66737; 581.81; 576.00; 579.00
66746; 581.44; 578.62; 578.06
66755; 579.19; 577.31; 578.62
66764; 586.50; 578.25; 580.88
66773; 584.25; 579.19; 578.06
66782; 580.69; 575.62; 576.38
66791; 578.44; 578.44; 582.00
66800; 582.38; 578.81; 578.62
66810; 581.06; 582.19; 578.25
66819; 582.00; 576.75; 578.25
66828; 583.88; 578.62; 578.06
66837; 584.06; 578.81; 576.19
66846; 580.88; 578.62; 577.88
66855; 578.81; 576.75; 576.38
66864; 581.81; 579.38; 584.62
66873; 580.31; 584.25; 577.88
66882; 582.38; 578.62; 578.44
66891; 579.94; 576.56; 578.25
66900; 581.44; 576.94; 577.88
66910; 580.31; 576.19; 579.56
66918; 584.44; 584.81; 580.69
66927; 580.31; 578.62; 576.19
66936; 583.31; 578.62; 575.81
66945; 580.69; 584.44; 578.81
66954; 582.38; 576.56; 578.06
66963; 580.31; 577.69; 584.81
66972; 585.38; 577.88; 578.62
66981; 588.00; 576.00; 578.06
66990; 581.25; 578.81; 580.69
66999; 580.31; 578.25; 584.62
67009; 579.00; 576.94; 575.25
67019; 579.94; 578.62; 578.25
67027; 582.38; 584.06; 578.06
67036; 579.94; 577.31; 578.62
67045; 579.94; 576.94; 576.19
67055; 581.06; 579.00; 582.75
67063; 581.81; 578.81; 578.25
67072; 581.62; 576.75; 576.38
67081; 581.62; 578.25; 578.06
67090; 581.25; 578.62; 578.81
67102; 581.81; 578.44; 576.38
67111; 576.19; 578.44; 574.69
67120; 580.31; 581.06; 579.94
67128; 578.81; 584.44; 578.06
67137; 581.81; 584.44; 579.00
67146; 579.94; 578.81; 578.81
67156; 581.25; 576.75; 585.94
67164; 580.50; 579.00; 577.88
67173; 584.25; 584.44; 578.06
67182; 578.81; 578.25; 579.00
67191; 582.19; 578.44; 578.81
67200; 581.25; 577.69; 582.75
67209; 581.62; 578.25; 576.38
67220; 576.00; 578.62; 578.06
67229; 583.31; 584.81; 578.81
67238; 580.31; 579.19; 578.25
67247; 581.25; 576.38; 578.25
67257; 581.25; 577.50; 577.88
67265; 581.25; 580.31; 578.25
67274; 579.94; 579.19; 579.00
67283; 581.25; 578.62; 581.06
67292; 579.56; 584.25; 577.31
67301; 580.88; 578.25; 578.81
67310; 582.38; 577.50; 579.00
67320; 581.81; 589.31; 576.19
67328; 576.56; 582.94; 578.62
67337; 581.25; 584.81; 578.44
67346; 581.62; 578.62; 576.38
67355; 579.56; 576.75; 579.19
67364; 581.44; 580.12; 579.00
67373; 579.75; 576.75; 584.81
67382; 581.44; 578.25; 584.81
67391; 580.88; 583.50; 578.44
67403; 582.00; 578.06; 578.25
67421; 580.88; 579.38; 573.94
67430; 581.81; 575.62; 572.06
67440; 582.56; 578.44; 576.19
67448; 575.44; 584.62; 578.06
67457; 580.50; 578.62; 582.94
67466; 581.62; 577.12; 576.38
67475; 578.25; 584.06; 578.06
67484; 581.81; 584.44; 578.81
67493; 585.75; 578.25; 578.06
67502; 580.12; 579.00; 577.88
67511; 579.75; 576.00; 578.25
67521; 580.50; 578.62; 577.88
67530; 580.12; 577.88; 579.56
67538; 580.50; 578.25; 575.81
67547; 584.62; 576.56; 584.44
67557; 581.06; 578.62; 578.06
67565; 578.44; 576.38; 578.06
67575; 581.44; 577.88; 578.06
67585; 586.50; 577.88; 584.06
67593; 588.00; 580.12; 576.00
67602; 580.69; 578.44; 576.00
67613; 584.25; 579.19; 577.50
67622; 581.06; 575.81; 578.06
67631; 585.19; 578.44; 580.12
67640; 579.38; 578.25; 578.25
67653; 581.81; 578.25; 574.69
